gender,Male,height,170
count,timestamp,x,y,z
1176,1700198303789,0.29077184,-0.0061086523,0.007330383
1177,1700198303789,0.18692477,0.02321288,0.03176499
1178,1700198303790,0.09040806,0.03176499,0.037873644
1179,1700198303790,0.04886922,0.062308256,0.05009095
1180,1700198303790,0.0720821,-0.035430185,0.09773844
1181,1700198303791,0.08674286,-0.058643065,0.10140363
1182,1700198303806,0.096516706,-0.09285152,0.11362094
1183,1700198303823,0.06963864,-0.096516706,0.11728613
1184,1700198303841,0.042760566,-0.087964594,0.11362094
1185,1700198303866,0.05131268,-0.0720821,0.09285152
1186,1700198303888,0.039095376,-0.05131268,0.05497787
1187,1700198303905,0.012217305,-0.057421334,0.02321288
1188,1700198303925,-0.034208454,-0.04520403,-0.009773844
1189,1700198303942,-0.07696902,-0.021991149,-0.02687807
1190,1700198303961,-0.09773844,-0.014660766,-0.036651913
1191,1700198303983,-0.06352998,-0.0012217305,-0.039095376
1192,1700198304007,-0.04642576,0.004886922,-0.037873644
1193,1700198304023,-0.04520403,-0.008552114,-0.05375614
1194,1700198304042,-0.08307768,-0.029321533,-0.064751714
1195,1700198304060,-0.095294975,-0.040317107,-0.09162979
1196,1700198304082,-0.13072516,-0.032986723,-0.095294975
1197,1700198304105,-0.17592919,-0.015882496,-0.089186326
1198,1700198304125,-0.19181168,0.0,-0.096516706
1199,1700198304142,-0.19547687,-0.0036651916,-0.096516706
1200,1700198304161,-0.21991149,-0.02321288,-0.05009095
1201,1700198304188,-0.27122417,-0.11484267,0.047647487
1202,1700198304209,-0.49235737,-0.29077184,0.2846632
1203,1700198304226,-0.86620694,-0.5864306,0.75869465
1204,1700198304257,-1.0433578,-0.73548174,1.5809193
1205,1700198304272,-0.45204028,0.3567453,3.2559118
1206,1700198304291,-0.6658431,-0.23945917,2.5558603
1207,1700198304312,-2.2088888,-0.32498032,4.401895
1208,1700198304327,-3.7433822,-0.38728857,3.9022071
1209,1700198304342,-4.6266932,-0.06719518,4.632802
1210,1700198304360,-6.043901,-0.27977628,5.3695054
1211,1700198304387,-7.163006,-0.54611355,5.105612
1212,1700198304409,-8.195368,-1.9938642,4.5191813
1213,1700198304427,-9.535606,-3.023783,4.246735
1214,1700198304442,-10.622947,-3.467271,4.284609
1215,1700198304462,-10.486113,-4.3359213,4.4092255
1216,1700198304482,-9.02248,-5.64806,4.8881435
1217,1700198304505,-8.491027,-5.9486055,5.1605897
1218,1700198304523,-7.1459017,-6.0219097,5.6920424
1219,1700198304539,-6.8355823,-5.996253,5.6834903
1220,1700198304573,-6.0121355,-5.784894,5.3169713
1221,1700198304589,-4.990769,-5.439144,4.849048
1222,1700198304608,-4.656015,-5.2937584,4.509407
1223,1700198304627,-5.189911,-5.220454,4.4092255
1224,1700198304643,-5.453805,-4.4214425,4.451986
1225,1700198304660,-6.00114,-5.407379,5.004208
1226,1700198304678,-4.932126,-4.8979177,5.1532593
1227,1700198304705,-3.0897565,-4.629137,5.425705
1228,1700198304725,-1.1985176,-4.206418,5.470909
1229,1700198304741,-0.16493362,-4.2540655,4.401895
1230,1700198304758,-0.30665436,-3.6407568,2.9749138
1231,1700198304780,-0.68539083,-2.3420575,1.8338175
1232,1700198304802,-1.2461652,-1.0751228,1.1349876
1233,1700198304837,-2.0635028,-0.49480084,0.79045963
1234,1700198304838,-2.6108382,-0.2883284,1.2241739
1235,1700198304860,-2.0182989,-0.46670106,2.0109684
1236,1700198304878,-0.07574729,-0.07452556,2.919936
1237,1700198304900,2.0463986,1.3634512,2.207667
1238,1700198304924,3.1972687,2.411696,1.5442673
1239,1700198304942,4.15144,3.627318,0.12095132
1240,1700198304959,5.712812,4.9076915,-1.990199
1241,1700198304977,7.174001,6.0182443,-3.9681807
1242,1700198305001,9.330356,6.1807346,-5.315749
1243,1700198305023,11.841012,4.917465,-7.1068063
1244,1700198305041,13.349849,2.6462681,-8.818451
1245,1700198305057,13.099394,0.3726278,-10.112264
1246,1700198305076,11.291233,-1.9022343,-11.074986
1247,1700198305098,8.669399,-4.283387,-11.467162
1248,1700198305118,6.857573,-6.1098742,-10.015746
1249,1700198305143,6.508158,-7.761654,-8.425054
1250,1700198305161,6.3566637,-9.320581,-7.5136423
1251,1700198305176,6.056118,-10.169684,-7.1104712
1252,1700198305206,5.3426275,-10.363939,-6.7659435
1253,1700198305224,4.211305,-9.872804,-6.5350366
1254,1700198305241,3.1655037,-9.020036,-6.3444467
1255,1700198305259,2.4336872,-8.085412,-6.2161646
1256,1700198305279,1.8594738,-6.63644,-5.7726765
1257,1700198305309,0.17592919,-5.2216763,-5.3805013
1258,1700198305331,-2.8845057,-3.8044686,-4.8930306
1259,1700198305337,-4.318817,-2.7818804,-3.717726
1260,1700198305374,-3.4245105,-1.5430456,-2.3958135
1261,1700198305379,-1.2547172,-0.30176744,-0.46303585
1262,1700198305408,1.2144,0.9468411,1.1398746
1263,1700198305425,3.200934,1.6346754,2.7366762
1264,1700198305446,4.0634756,2.1868975,4.1270056
1265,1700198305481,3.2400293,3.0176742,5.408601
1266,1700198305483,0.6426302,4.0952406,7.1495667
1267,1700198305499,-2.8955014,5.1740284,9.186192
1268,1700198305528,-6.4922757,5.7836723,11.841012
1269,1700198305543,-8.047539,5.7323594,13.195911
1270,1700198305571,-10.695028,5.332854,15.790867
1271,1700198305586,-12.1598835,4.117232,18.054733
1272,1700198305597,-10.850188,1.0213667,20.018055
1273,1700198305623,-3.8313468,-0.8576548,19.374203
1274,1700198305646,8.732929,1.6310102,19.66986
1275,1700198305670,19.212934,3.2424726,17.309477
1276,1700198305695,17.283821,4.6621237,9.398772
1277,1700198305707,6.968751,4.0646973,4.9834385
1278,1700198305742,0.6047566,3.5515707,1.5980235
1279,1700198305743,-5.2827625,3.5576792,-0.48258355
1280,1700198306063,-11.960741,3.1850514,-2.2699752
1281,1700198306069,-17.403551,2.742785,-2.1380284
1282,1700198306070,-17.662558,1.3793337,-0.19303341
1283,1700198306070,-11.401189,-1.8887954,1.7055358
1284,1700198306071,-3.1227431,-4.719545,2.0879374
1285,1700198306071,3.249803,-4.509407,2.180789
1286,1700198306072,6.89056,-2.058616,1.8741345
1287,1700198306081,7.825184,-0.88453287,1.740966
1288,1700198306082,5.9681535,-1.1533136,1.0005972
1289,1700198306082,3.1764994,-1.5809193,-1.4538593
1290,1700198306083,-0.58032197,-1.6493362,-4.298048
1291,1700198306083,-3.1410692,-0.49846604,-6.577797
1292,1700198306109,-3.7873645,0.90285885,-7.8007493
1293,1700198306110,-3.1838295,1.7629571,-8.21736
1294,1700198306110,-0.2602286,1.5418239,-8.949176
1295,1700198306115,3.9791763,-0.28221974,-9.1935215
1296,1700198306120,6.6511006,-2.0598376,-9.583254
1297,1700198306150,7.8630576,-3.182608,-9.823935
1298,1700198306151,7.228979,-3.368311,-9.972986
1299,1700198306151,6.141639,-3.4880404,-10.041403
1300,1700198306162,5.448918,-4.02438,-10.340727
1301,1700198306174,4.9052477,-5.0115385,-10.316292
1302,1700198306206,4.170988,-5.897293,-10.026742
1303,1700198306251,3.1801646,-6.3395596,-9.783618
1304,1700198306300,2.0964894,-6.173404,-9.437868
1305,1700198306343,1.0555751,-5.4061575,-9.134879
1306,1700198306344,0.021991149,-4.465425,-8.947954
1307,1700198306367,-0.535118,-3.426954,-8.543561
1308,1700198306380,-1.2901474,-2.406809,-7.7115626
1309,1700198306380,-1.0958922,-2.112372,-6.668205
1310,1700198306410,-0.84299403,-1.9669861,-5.626069
1311,1700198306426,-0.88208944,-1.8387043,-4.256509
1312,1700198306433,-0.8857546,-1.2986995,-2.5045476
1313,1700198306434,-0.004886922,-0.66828656,-0.7330383
1314,1700198306439,1.5088371,-0.13316862,1.0079277
1315,1700198306460,3.2058208,0.24801129,2.6731462
1316,1700198306478,4.0097194,0.84788096,4.5851545
1317,1700198306494,2.8955014,1.9242256,7.2045445
1318,1700198306514,-0.22113322,3.136182,10.136698
1319,1700198306532,-2.3273966,3.7042868,11.643091
1320,1700198306566,-6.773274,4.3114867,14.461624
1321,1700198306577,-10.846523,3.50881,16.488474
1322,1700198306592,-13.634512,1.378112,18.167133
1323,1700198306613,-13.204463,-3.1435125,18.677816
1324,1700198306632,-8.619308,-5.8410935,18.047403
1325,1700198306653,0.10262536,-3.9730675,18.515326
1326,1700198306673,12.195313,-0.49113566,21.071186
1327,1700198306693,22.31735,0.17104226,17.032145
1328,1700198306712,18.075502,3.431841,10.998018
1329,1700198306734,6.4849453,2.3726006,5.9143972
1330,1700198306753,-1.5247196,3.218038,1.8668042
1331,1700198306773,-8.269894,4.0695844,-0.63041294
1332,1700198306794,-13.589308,3.0579915,-2.1636846
1333,1700198306813,-17.275269,3.0225613,-1.4953982
1334,1700198306834,-15.3486,0.9639453,0.593761
1335,1700198306852,-6.5558057,-2.6316075,2.257758
1336,1700198306872,2.3518312,-3.6053267,2.4312437
1337,1700198306892,7.4806557,-1.5968018,1.5858061
1338,1700198306912,9.624793,-0.30298916,0.816116
1339,1700198306940,8.297994,-0.14660765,0.30787608
1340,1700198306959,4.9541173,-0.784351,-1.5515977
1341,1700198306972,0.93828905,-0.8417723,-3.6089919
1342,1700198306994,-2.9431489,-0.5119051,-5.0604076
1343,1700198307031,-5.0335298,0.36285394,-6.2858033
1344,1700198307035,-4.764749,1.0360274,-6.966307
1345,1700198307052,-1.632232,0.6169739,-7.211875
1346,1700198307071,1.9449949,-0.68783426,-7.1837754
1347,1700198307092,4.2736135,-2.0842721,-7.4635515
1348,1700198307113,5.435479,-3.1337388,-7.5771723
1349,1700198307131,5.7555723,-3.4611626,-8.103739
1350,1700198307151,5.0298643,-3.594331,-9.120218
1351,1700198307173,2.819754,-3.6004398,-10.475118
1352,1700198307192,-1.0054842,-3.2473598,-11.906985
1353,1700198307211,-2.4153612,-2.3054054,-12.759753
1354,1700198307231,-0.38362336,-1.2571607,-13.122607
1355,1700198307251,2.5314255,-1.0458013,-12.767083
1356,1700198307271,4.59615,-1.6786577,-12.178209
1357,1700198307292,5.7201424,-2.4727826,-11.485488
1358,1700198307311,6.173404,-3.2168164,-10.6767025
1359,1700198307370,5.0921726,-2.8527408,-9.116553
1360,1700198307371,4.020715,-2.5705209,-7.2595224
1361,1700198307371,2.7464502,-2.1856759,-5.470909
1362,1700198307390,1.047023,-1.8350391,-3.0433307
1363,1700198307413,0.42149702,-0.7330383,-0.42271876
1364,1700198307431,0.09773844,1.1594223,2.9956832
1365,1700198307451,-1.2962561,2.9553661,6.2821383
1366,1700198307470,-3.780034,4.070806,8.502023
1367,1700198307491,-6.0988784,4.269948,10.37127
1368,1700198307512,-7.9180355,4.117232,12.156219
1369,1700198307529,-9.035918,3.2290337,13.85198
1370,1700198307551,-8.791573,2.3591616,15.230092
1371,1700198307570,-8.214916,1.5662584,15.625933
1372,1700198307591,-5.6517253,-1.2473868,16.150055
1373,1700198307616,0.27855456,-2.978579,17.385225
1374,1700198307633,2.9028316,-2.420248,16.984497
1375,1700198307651,7.9070396,-0.39950588,14.577688
1376,1700198307670,8.877093,2.302962,10.575299
1377,1700198307690,5.0885077,3.7678168,5.9864793
1378,1700198307710,0.35796702,4.7696357,2.1135938
1379,1700198307728,-3.7103956,5.186246,0.6939429
1380,1700198307749,-6.974859,4.3921213,1.0030408
1381,1700198307770,-7.5588465,2.235767,2.3591616
1382,1700198307789,-6.2613688,0.56199604,3.1581733
1383,1700198307810,-4.6951103,-0.75747293,2.7855456
1384,1700198307832,-4.159992,-1.2571607,2.4141395
1385,1700198307850,-3.5295794,-1.3720033,2.3005185
1386,1700198307879,-1.53205,-1.2217305,2.0146337
1387,1700198307889,1.070236,-0.82833326,0.86132
1388,1700198307909,3.0469959,-0.3481932,-0.29565877
1389,1700198307928,3.6749654,0.021991149,-2.1453588
1390,1700198307949,2.8808405,0.32253686,-4.295604
1391,1700198307968,2.1881194,0.48624873,-5.6419516
1392,1700198307994,2.1453588,0.43127087,-6.972416
1393,1700198308011,2.3261747,-0.057421334,-7.946135
1394,1700198308030,2.3835962,-0.906524,-7.6358156
1395,1700198308048,2.6230555,-2.1856759,-7.6626935
1396,1700198308069,3.4550538,-3.2559118,-7.3340483
1397,1700198308089,4.3175955,-4.075693,-7.720115
1398,1700198308108,4.5594983,-4.46909,-8.54967
1399,1700198308128,3.8545597,-4.569272,-9.131214
1400,1700198308149,2.506991,-4.7061057,-9.867917
1401,1700198308169,1.1801916,-4.5265117,-11.06277
1402,1700198308188,-0.5729916,-3.8093557,-11.759156
1403,1700198308210,-0.5290093,-2.933375,-11.81169
1404,1700198308228,0.5693264,-2.1881194,-11.561235
1405,1700198308249,2.2858577,-2.026851,-11.117747
1406,1700198308267,3.7873645,-2.2589796,-10.444574
1407,1700198308287,5.109277,-2.8099802,-9.65778
1408,1700198308307,5.2644367,-2.9553661,-8.42994
1409,1700198308326,4.736649,-2.7989845,-6.6889744
1410,1700198308347,2.7256808,-2.194228,-4.411669
1411,1700198308366,-0.4373795,-1.3255776,-2.2809708
1412,1700198308388,-2.0134118,0.04642576,-0.36163223
1413,1700198308408,-2.0280726,1.3573426,1.6383406
1414,1700198308427,-1.9168952,2.4691174,3.938859
1415,1700198308447,-2.4630086,3.154508,6.1868434
1416,1700198308467,-4.1905355,3.3377676,8.174599
1417,1700198308488,-6.404311,3.4220672,10.770776
1418,1700198308508,-8.614422,3.2400293,13.530665
1419,1700198308528,-10.4629,1.4453071,15.225205
1420,1700198308548,-11.0982,-0.79901177,16.085304
1421,1700198308566,-10.68159,-3.2559118,16.966171
1422,1700198308586,-9.25583,-5.404936,16.903864
1423,1700198308607,-4.6205845,-5.112942,17.730974
1424,1700198308630,-0.13927728,-3.8081338,18.851301
1425,1700198308646,10.588738,-2.615725,18.055954
1426,1700198308666,18.544647,-1.1765264,13.581978
1427,1700198308686,15.691906,1.6920967,8.951619
1428,1700198308710,8.131838,2.9614747,4.0671406
1429,1700198308725,-0.6414085,2.8942795,-0.065973446
1430,1700198308746,-7.6394806,3.7201693,-1.8741345
1431,1700198308765,-12.241739,3.9144244,-1.4123205
1432,1700198308787,-12.516629,2.6939158,-0.12339478
1433,1700198308808,-7.487986,0.54367006,1.8961257
1434,1700198308827,-0.21746802,-1.282817,1.8619173
1435,1700198308847,4.5191813,-1.0506883,1.001819
1436,1700198308867,6.5985665,-0.7257079,0.49846604
1437,1700198308886,5.987701,-0.9993755,-0.25167647
1438,1700198308908,3.8081338,-0.86254174,-1.4110987
1439,1700198308926,0.93951076,-1.1386528,-2.819754
1440,1700198308948,-1.6517797,-1.8240436,-4.310265
1441,1700198308966,-2.5998425,-1.9107865,-5.544213
1442,1700198308985,-1.8545868,-1.8069394,-6.637662
1443,1700198309006,0.004886922,-2.5986207,-7.629707
1444,1700198309026,1.8362609,-3.5503488,-8.180707
1445,1700198309049,2.6438248,-3.7336085,-8.498357
1446,1700198309064,2.791654,-3.689626,-9.0102625
1447,1700198309085,2.2992969,-3.685961,-9.302256
1448,1700198309106,2.552195,-3.9816196,-9.803165
1449,1700198309126,3.1874948,-4.701219,-10.168463
1450,1700198309146,3.6053267,-5.243667,-10.454348
1451,1700198309167,3.0567696,-5.6773815,-10.91494
1452,1700198309185,0.72326446,-5.1923547,-11.290011
1453,1700198309204,0.12950343,-3.9266417,-11.330329
1454,1700198309224,0.8222246,-3.1728342,-11.420736
1455,1700198309248,2.179567,-3.12763,-11.061548
1456,1700198309264,3.876551,-3.2717943,-9.783618
1457,1700198309285,4.781853,-3.5185838,-7.9131484
1458,1700198309305,4.8246136,-3.4868188,-5.490457
1459,1700198309325,3.0750957,-2.9309313,-3.037222
1460,1700198309346,0.0,-1.4465289,-1.1398746
1461,1700198309364,-1.5870279,0.4092797,1.0103711
1462,1700198309387,-1.8277088,2.1355848,3.5796704
1463,1700198309404,-2.194228,3.3279939,6.002362
1464,1700198309424,-3.5796704,3.835012,8.074417
1465,1700198309443,-5.081177,4.084245,10.288193
1466,1700198309464,-6.365216,4.5020766,12.673011
1467,1700198309483,-7.964461,4.8307223,15.114028
1468,1700198309505,-8.93818,3.018896,15.888605
1469,1700198309523,-8.515462,0.8772025,16.982054
1470,1700198309543,-6.8526864,-0.35918877,17.63568
1471,1700198309563,-3.5014796,-0.33964106,18.060843
1472,1700198309584,1.8264871,1.17897,19.06877
1473,1700198309605,6.7402873,1.8435913,17.168978
1474,1700198309624,8.078082,1.46852,13.3083105
1475,1700198309645,6.6804223,0.9407325,11.308337
1476,1700198309665,1.4697418,0.31398472,6.7830477
1477,1700198309686,-1.8606955,2.01219,2.9407053
1478,1700198309705,-8.080525,2.6645942,-0.86742866
1479,1700198309724,-9.49529,2.243097,-0.97494096
1480,1700198309744,-10.064616,1.2596041,-0.015882496
1481,1700198309765,-7.5405207,0.3408628,0.68294734
1482,1700198309785,-2.9700267,-0.4569272,1.1301007
1483,1700198309805,1.1301007,-0.31520647,0.906524
1484,1700198309824,3.3744197,0.002443461,0.103847094
1485,1700198309844,4.359134,-0.2125811,-0.39095375
1486,1700198309863,4.2589526,-0.10140363,-1.187522
1487,1700198309885,3.5601227,0.25045475,-2.2223277
1488,1700198309904,2.8185322,0.5180137,-3.3353243
1489,1700198309924,2.4911084,0.47158796,-4.537507
1490,1700198309949,2.941927,-0.5925393,-5.73969
1491,1700198309963,3.7836993,-2.1820107,-6.6938615
1492,1700198309983,4.201531,-3.6969564,-7.2705183
1493,1700198310006,4.1318927,-4.7256536,-7.8960443
1494,1700198310022,3.28279,-5.126381,-8.561888
1495,1700198310043,2.2149973,-4.9345694,-9.062797
1496,1700198310062,1.6664404,-4.7940702,-9.56615
1497,1700198310082,1.7947221,-5.01276,-9.781175
1498,1700198310104,2.4788911,-5.6822686,-10.042624
1499,1700198310122,3.2045991,-5.9095106,-10.308962
1500,1700198310143,3.137404,-5.969375,-10.410365
1501,1700198310162,2.3774874,-5.5881953,-10.225884
1502,1700198310181,1.6395624,-5.0115385,-9.84837
1503,1700198310202,1.1227703,-4.4067817,-9.435425
1504,1700198310222,0.6951646,-3.8423424,-9.013927
1505,1700198310243,0.6780604,-3.2779028,-8.210029
1506,1700198310262,0.88453287,-2.8539624,-6.966307
1507,1700198310282,1.0934488,-2.7818804,-5.638286
1508,1700198310306,0.98349303,-2.2504275,-3.8557813
1509,1700198310322,0.9822713,-1.2986995,-1.921782
1510,1700198310342,0.12461651,0.27855456,0.36651915
1511,1700198310361,-1.0775663,1.8765781,2.6108382
1512,1700198310381,-2.261423,2.8747318,4.721988
1513,1700198310401,-4.293161,3.4599407,7.0115113
1514,1700198310422,-6.315125,3.4428365,9.209404
1515,1700198310442,-7.571064,3.0433307,11.44395
1516,1700198310462,-7.9803433,2.42147,13.578313
1517,1700198310481,-8.070751,1.7837266,14.866016
1518,1700198310502,-6.508158,0.32375857,15.92037
1519,1700198310520,-2.9297097,-0.88453287,16.650965
1520,1700198310542,0.57787853,0.23945917,17.427986
1521,1700198310561,2.8026497,1.6982054,16.754812
1522,1700198310582,3.9608502,2.3054054,14.202617
1523,1700198310602,3.2363641,2.4996605,10.310184
1524,1700198310621,0.9224065,1.831374,6.7488394
1525,1700198310646,-1.4501941,1.881465,4.0500364
1526,1700198310661,-4.0732493,1.9474384,1.6835446
1527,1700198310681,-6.437298,1.219287,0.8417723
1528,1700198310703,-7.0750413,0.20769419,1.1349876
1529,1700198310721,-6.3713245,-0.26511553,1.5210545
1530,1700198310741,-3.5686748,-0.7538077,1.8936822
1531,1700198310762,-0.3359759,-0.8503244,1.7324139
1532,1700198310781,2.2101104,-0.72082096,1.0910053
1533,1700198310801,3.5295794,-0.47525316,0.32375857
1534,1700198310821,4.0463715,-0.24556783,-0.47769663
1535,1700198310840,3.7751472,-0.073303826,-1.6652187
1536,1700198310860,2.7440066,-0.04153884,-3.1532865
1537,1700198310881,1.8924606,0.008552114,-4.454429
1538,1700198310901,2.0073032,-0.18692477,-5.4843483
1539,1700198310921,2.756224,-1.4379768,-6.5020494
1540,1700198310940,3.3597589,-3.032335,-6.9601984
1541,1700198310962,3.8081338,-4.097684,-7.393913
1542,1700198310980,3.9742892,-4.6108108,-7.877718
1543,1700198348744,4.089132,-4.817283,-8.262564
1544,1700198348766,3.6737435,-4.995656,-8.412836
1545,1700198348767,3.00057,-5.1740284,-8.321206
1546,1700198348768,2.5057693,-5.521,-8.285776
1547,1700198348768,2.375044,-5.871637,-8.191703
1548,1700198348955,2.9700267,-6.1294217,-8.406728
1549,1700198349043,3.2388074,-6.3248987,-8.5276785
1550,1700198349059,2.71102,-6.3224554,-8.546005
1551,1700198349060,1.4990633,-5.997475,-8.561888
1552,1700198349060,0.07574729,-5.4635787,-8.406728
1553,1700198349153,-0.8772025,-4.575381,-8.006
1554,1700198349165,-0.92485,-3.6199875,-7.006624
1555,1700198349166,-0.28710666,-3.0079005,-5.988923
1556,1700198349230,0.09040806,-2.6658158,-4.785518
1557,1700198349231,0.26267207,-2.0024164,-3.4623842
1558,1700198349231,0.32742378,-1.2986995,-1.9694295
1559,1700198349232,0.22602014,0.061086524,-0.032986723
1560,1700198349232,0.019547688,1.536937,2.7892108
1561,1700198349232,-1.1398746,2.7061331,5.408601
1562,1700198349286,-3.6089919,3.4892623,7.600385
1563,1700198349320,-6.142861,3.8325686,9.733527
1564,1700198349320,-8.10496,3.8679988,12.10124
1565,1700198349321,-9.611354,3.376863,14.062118
1566,1700198349321,-10.258871,1.4990633,15.019955
1567,1700198349322,-9.2216215,-0.94806284,15.988787
1568,1700198349322,-6.3224554,-2.6145031,16.333315
1569,1700198349322,-1.6493362,-2.1844542,16.512909
1570,1700198349325,4.312709,-0.81245077,17.425543
1571,1700198349327,10.550864,0.018325957,15.932588
1572,1700198349327,13.126272,1.9865338,12.004724
1573,1700198349328,8.965058,2.8393016,7.887492
1574,1700198349328,2.8893926,3.082426,3.8105774
1575,1700198349329,-2.878397,3.6969564,0.9761627
1576,1700198349329,-7.3413787,3.3512068,-0.5497787
1577,1700198349329,-9.852035,2.9138272,-0.82833326
1578,1700198349330,-9.671219,2.1184807,-0.2125811
1579,1700198349331,-6.257704,0.5009095,0.7086037
1580,1700198349331,-0.91507614,-0.95539325,0.8918633
1581,1700198349331,4.1270056,-1.0360274,0.5766568
1582,1700198349332,7.4513345,-0.48502702,-0.21380283
1583,1700198349332,8.565553,-0.79290307,-0.9993755
1584,1700198349334,8.194146,-1.1313224,-1.4220943
1585,1700198349336,5.911954,-2.0451767,-2.4507914
1586,1700198349338,2.6719246,-2.7733283,-3.6432004
1587,1700198349338,-0.18448131,-3.2876768,-4.831944
1588,1700198349339,-1.9828686,-4.4275513,-5.834985
1589,1700198349339,-2.4165828,-5.5038958,-6.817256
1590,1700198349340,-1.5467108,-5.5100045,-7.706676
1591,1700198349341,-0.37995818,-5.2192326,-8.574104
1592,1700198349344,0.8197812,-4.5851545,-9.0102625
1593,1700198349350,2.0867157,-4.221079,-8.932072
1594,1700198349357,3.3524284,-4.3945646,-8.431162
1595,1700198349358,4.5362854,-4.863709,-7.874053
1596,1700198349367,5.5185566,-5.6321774,-7.6138244
1597,1700198349368,5.837428,-6.1990604,-7.655363
1598,1700198349368,5.13982,-6.7659435,-7.7628756
1599,1700198349369,3.5992181,-7.031059,-7.7665405
1600,1700198349369,1.8741345,-7.027394,-7.615046
1601,1700198349370,0.30298916,-6.5448103,-7.3951344
1602,1700198349370,-0.7648033,-5.729916,-7.01762
1603,1700198349370,-1.1252137,-4.8246136,-6.363994
1604,1700198349371,-0.72082096,-4.0500364,-5.58453
1605,1700198349374,0.3567453,-3.3157766,-4.517959
1606,1700198349374,1.2156218,-2.588847,-2.8918362
1607,1700198349375,1.251052,-1.3854424,-1.0005972
1608,1700198349375,0.18570304,0.19058995,0.82711154
1609,1700198349375,-1.5161675,2.1148155,2.992018
1610,1700198349376,-3.2656856,4.0989056,5.6920424
1611,1700198349376,-4.709771,5.611408,8.065865
1612,1700198349377,-5.3194146,6.505715,10.4629
1613,1700198349377,-5.137377,7.2387533,13.021204
1614,1700198349377,-5.148372,7.7030106,14.556919
1615,1700198349378,-4.828279,6.9015555,15.428013
1616,1700198349393,-3.644422,5.3878317,15.608829
1617,1700198349400,-2.1355848,5.2338934,15.700459
1618,1700198349403,0.22357668,6.0267963,14.877012
1619,1700198349405,1.2351695,5.4208183,13.426818
1620,1700198349406,0.816116,4.251622,11.66997
1621,1700198349407,-0.50946164,3.4061847,8.685282
1622,1700198349407,-1.2559389,2.6658158,5.3487363
1623,1700198349408,-0.9639453,3.6407568,2.6535985
1624,1700198349408,-1.8655825,4.166101,-0.4654793
1625,1700198349408,-4.2797217,4.0182714,-1.7324139
1626,1700198349409,-6.7463956,3.1337388,-1.1960741
1627,1700198349409,-6.378655,1.3426818,0.014660766
1628,1700198349410,-1.740966,0.22602014,1.6016886
1629,1700198349410,3.6603045,0.3933972,1.9474384
1630,1700198349410,7.621155,0.82344633,1.070236
1631,1700198349411,9.098227,0.22602014,0.3042109
1632,1700198349411,7.602829,-0.8063421,-0.4373795
1633,1700198349422,4.483751,-1.78617,-1.4880677
1634,1700198349686,1.251052,-2.4104743,-2.4972172
1635,1700198349750,-1.1814134,-2.6340508,-3.3096678
1636,1700198349762,-2.4446826,-2.9846876,-4.1856484
1637,1700198349767,-2.833193,-4.6401324,-5.235115
1638,1700198349767,-2.334727,-5.39394,-6.0915484
1639,1700198349767,-2.003638,-5.347514,-6.4617324
1640,1700198349768,-1.1362094,-5.0494123,-7.479434
1641,1700198349768,-0.27977628,-4.615698,-8.723156
1642,1700198349810,0.40683624,-4.359134,-9.904569
1643,1700198349810,0.39950588,-4.329813,-10.78788
1644,1700198349811,0.35918877,-4.083023,-11.25336
1645,1700198349811,0.689056,-3.5979962,-11.442728
1646,1700198349812,1.5039502,-3.0579915,-11.421958
1647,1700198349812,2.6328292,-2.6438248,-11.180056
1648,1700198349812,3.965737,-2.6120598,-10.605843
1649,1700198349822,4.638911,-2.9223793,-9.985204
1650,1700198349822,4.5252895,-3.4440582,-8.9186325
1651,1700198349823,3.9144244,-3.7189476,-7.5270815
1652,1700198349823,2.9932396,-3.2217033,-6.0548964
1653,1700198349829,1.9449949,-2.430022,-4.609589
1654,1700198349841,1.1032226,-1.6542231,-3.3524284
1655,1700198349955,0.45937067,-0.66828656,-2.1539109
1656,1700198349956,0.34697145,0.3933972,-0.89919364
1657,1700198349957,0.14782938,1.3023647,0.5180137
1658,1700198349958,-0.5363397,1.9975294,2.017077
1659,1700198349958,-1.8558086,2.5460863,3.712839
1660,1700198349959,-3.6713002,2.8979447,5.5820866
1661,1700198349959,-5.430592,3.015231,7.6187115
1662,1700198349959,-6.7720523,2.823419,9.62235
1663,1700198349960,-7.452556,2.388483,11.643091
1664,1700198349960,-7.27174,1.6664404,13.221567
1665,1700198349971,-6.047566,1.2718215,14.300355
1666,1700198349972,-2.3066273,0.65118235,15.274075
1667,1700198349972,1.7776178,1.2913691,14.991855
1668,1700198349973,4.491081,2.7391198,13.831211
1669,1700198349973,3.6334264,3.7690387,13.566095
1670,1700198349974,0.6169739,4.393343,12.2197485
1671,1700198349985,-2.9394836,3.8631117,9.908235
1672,1700198349986,-4.9919906,2.0378466,7.0884805
1673,1700198349986,-6.179513,1.2412782,4.7635274
1674,1700198349986,-6.5167103,0.61819565,3.1386256
1675,1700198349987,-5.6321774,-0.037873644,2.1013765
1676,1700198349987,-3.6297612,-0.7098254,1.7263051
1677,1700198349988,-0.91629785,-0.8332202,1.5234979
1678,1700198349988,1.5858061,-0.37995818,1.2412782
1679,1700198349994,3.3890803,0.019547688,0.6243043
1680,1700198350006,4.3725734,0.36651915,-0.05131268
1681,1700198350007,4.2039747,0.71593404,-1.0091494
1682,1700198350007,3.3585372,0.84299403,-2.0781636
1683,1700198350008,0.66706485,-0.15393804,1.6481144
1684,1700198350008,0.25167647,-2.6572638,-5.8594193
1685,1700198350008,-0.39461896,-2.3774874,-4.456873
1686,1700198350014,3.1948252,-3.9205332,-9.595471
1687,1700198350024,2.692694,-4.408004,-10.062172
1688,1700198350025,1.3451253,-4.564385,-10.615616
1689,1700198350031,-1.4892895,-4.2003093,-11.329107
1690,1700198350033,-2.2809708,-3.6554177,-11.685852
1691,1700198350033,-0.816116,-2.7159069,-11.66997
1692,1700198350034,1.1924089,-2.4055874,-11.066435
1693,1700198350034,2.20278,-2.2418754,-10.056064
1694,1700198350034,1.8985692,-2.620612,-8.674287
1695,1700198350035,0.017104227,-3.1386256,-6.208834
1696,1700198350035,-1.6957619,-2.7501154,-3.6065483
1697,1700198350035,-2.388483,-2.0500638,-1.3793337
1698,1700198350036,-1.2449434,-1.282817,0.7415904
1699,1700198350036,0.6805039,-0.3200934,3.1740558
1700,1700198350063,1.4966198,0.63529986,5.448918
1701,1700198350064,0.7733554,1.2327261,7.3975782
1702,1700198350064,-0.46181414,1.2815952,9.3731165
1703,1700198350065,-1.6236799,0.95905846,11.4341755
1704,1700198350065,-2.5644124,0.84788096,13.243559
1705,1700198350073,-3.114191,0.893085,14.624114
1706,1700198350074,-3.3707545,0.3200934,15.750549
1707,1700198350086,-2.1001546,-0.5681047,15.671137
1708,1700198350087,0.4361578,0.2443461,15.552629
1709,1700198350087,5.2216763,1.1887437,15.695572
1710,1700198350130,9.830044,1.3793337,14.074335
1711,1700198350131,10.306519,2.5485299,10.491
1712,1700198350131,6.205169,3.2876768,7.390248
1713,1700198350131,-0.6084218,3.4489453,4.0952406
1714,1700198350132,-5.638286,3.6749654,2.1025982
1715,1700198350132,-8.784243,2.879619,1.0384709
1716,1700198350132,-8.190481,1.7287487,1.4563028
1717,1700198350135,-4.1587706,0.31031954,1.8338175
1718,1700198350135,0.3115413,-0.32498032,1.7299703
1719,1700198350136,3.3304374,-0.095294975,0.99082345
1720,1700198350136,4.84294,0.14538592,0.12705997
1721,1700198350136,4.5167375,0.04520403,-1.1728612
1722,1700198350137,2.701246,-0.29565877,-2.5192082
1723,1700198350137,0.5045747,-0.7635816,-3.7543778
1724,1700198350138,-0.8943067,-1.2412782,-4.6890016
1725,1700198350138,-1.0861185,-1.9156734,-5.4415874
1726,1700198350138,-0.70371675,-2.8124237,-5.974262
1727,1700198350139,-0.88086766,-3.2107077,-6.4934974
1728,1700198350139,-1.251052,-3.0836477,-6.8795643
1729,1700198350139,-1.2241739,-2.652377,-7.235088
1730,1700198350140,-0.8026769,-2.2883012,-7.524638
1731,1700198350140,0.22357668,-2.2602015,-7.9730134
1732,1700198350170,1.0140363,-2.3273966,-8.71216
1733,1700198350171,1.2583824,-2.2504275,-9.470855
1734,1700198350171,0.95417154,-1.9046779,-10.065838
1735,1700198350179,0.83199847,-1.6444492,-10.278419
1736,1700198350180,0.98471475,-0.87598073,-10.581408
1737,1700198350180,1.4159856,-0.73426,-10.583851
1738,1700198350181,2.1013765,-0.58276546,-10.392039
1739,1700198350188,2.5045476,-0.7501425,-9.892352
1740,1700198350188,2.5925121,-1.187522,-9.000488
1741,1700198350189,2.9064968,-2.008525,-6.9430943
1742,1700198350189,3.34632,-2.4727826,-4.946787
1743,1700198350190,2.4251351,-1.9559906,-3.7617083
1744,1700198350190,0.7281514,-1.0983357,-2.5289822
1745,1700198350190,-0.26389378,-0.11484267,-0.49235737
1746,1700198350191,-1.5039502,0.7415904,1.0958922
1747,1700198350196,-1.8668042,1.1252137,1.5858061
1748,1700198350197,-2.0916026,1.7849482,2.588847
1749,1700198350197,-2.0060816,2.098933,3.0983086
1750,1700198350198,-1.8252654,2.7586675,4.2650614
1751,1700198350198,-1.9205604,3.3988543,5.6419516
1752,1700198350199,-2.1062634,4.0646973,7.3083916
1753,1700198350199,-2.3212879,5.044525,9.060353
1754,1700198350199,-2.734233,5.964488,10.685255
1755,1700198350200,-3.1801646,5.814215,11.75549
1756,1700198350200,-3.386637,5.615073,12.22097
1757,1700198350201,-3.1618385,5.562539,12.756088
1758,1700198350202,-1.7263051,5.6272907,12.892921
1759,1700198350202,1.5625933,5.07629,12.455543
1760,1700198350202,4.5167375,3.7922513,10.249097
1761,1700198350203,3.79836,2.7684412,7.50509
1762,1700198350203,0.8881981,2.2418754,4.3579125
1763,1700198350203,-2.085494,2.823419,1.9413297
1764,1700198350204,-4.863709,2.9382617,0.6035349
1765,1700198350204,-6.6388836,2.0317378,-0.12950343
1766,1700198350205,-6.7207394,1.4892895,0.35430184
1767,1700198350205,-5.6004124,0.87964594,1.0958922
1768,1700198350205,-3.5784485,0.2565634,1.72264
1769,1700198350206,-1.1569787,-0.21991149,2.090381
1770,1700198350207,0.9651671,-0.32620203,2.2773056
1771,1700198350208,2.4263568,-0.32253686,2.117259
1772,1700198350209,2.992018,-0.3494149,1.6676621
1773,1700198350211,2.7843237,-0.24923302,0.82833326
1774,1700198350211,2.1771238,-0.10262536,-0.36163223
1775,1700198350212,1.5711454,-0.1282817,-1.6994271
1776,1700198350212,1.1691961,-0.21380283,-3.0140092
1777,1700198350217,1.0763446,-0.45204028,-4.010941
1778,1700198350218,1.2571607,-1.1484267,-4.8099527
1779,1700198350218,1.4428637,-2.1062634,-5.4513617
1780,1700198350219,1.8008307,-2.8539624,-5.9315014
1781,1700198350219,2.4715607,-3.2204816,-6.414085
1782,1700198350221,2.814867,-3.5992181,-6.9565334
1783,1700198350225,2.6548204,-4.0610323,-7.46233
1784,1700198350227,1.9437732,-4.3640213,-7.9779
1785,1700198350227,1.0836749,-4.3774605,-8.384736
1786,1700198350228,0.48502702,-4.4385467,-9.136101
1787,1700198350230,-0.19425514,-4.373795,-9.770179
1788,1700198350231,-0.6365216,-4.085467,-10.18068
1789,1700198350231,-0.7489208,-3.4697146,-10.043846
1790,1700198350232,-0.44593164,-2.864958,-9.706649
1791,1700198350232,0.172264,-2.493552,-9.254608
1792,1700198350232,0.51923543,-2.2296581,-8.71216
1793,1700198350233,0.75625116,-2.1111503,-7.9412484
1794,1700198350233,0.657291,-1.9633209,-7.0518284
1795,1700198350234,0.17959438,-1.6126842,-6.081774
1796,1700198350234,-0.11484267,-1.3610078,-5.5967474
1797,1700198350234,-0.70738196,-0.57787853,-3.9596286
1798,1700198350235,-0.68294734,-0.35796702,-3.34632
1799,1700198350237,-0.23090707,0.014660766,-2.0231857
1800,1700198350237,0.4728097,0.23579398,-0.42271876
1801,1700198350238,1.1337659,0.3567453,1.4709635
1802,1700198350238,1.0641272,0.906524,4.2589526
1803,1700198350239,-0.23579398,1.8362609,7.6077156
1804,1700198350239,-2.7281241,2.7733283,10.0670595
1805,1700198350240,-5.117829,3.2632422,11.661418
1806,1700198350240,-5.8814106,2.8820622,12.938126
1807,1700198350240,-4.5802674,1.3023647,13.23012
1808,1700198350242,-1.9914207,0.31764993,13.833654
1809,1700198350242,0.56199604,0.68661255,14.780496
1810,1700198350242,2.783102,2.2626448,15.142128
1811,1700198350243,5.470909,3.4428365,14.725517
1812,1700198350243,6.0341268,3.3695326,11.97418
1813,1700198350244,2.3787093,2.2174408,9.084788
1814,1700198350244,0.91507614,0.86254174,5.5967474
1815,1700198350249,-2.389705,1.1704178,2.764776
1816,1700198350250,-5.3890533,2.2406538,0.8063421
1817,1700198350251,-6.9369855,1.8777997,-0.35063666
1818,1700198350251,-6.2613688,0.7867944,-0.3885103
1819,1700198350268,-4.696332,-0.087964594,0.04153884
1820,1700198350273,-3.128852,-0.6914995,0.55833083
1821,1700198350274,-1.9523253,-0.9798279,1.0836749
1822,1700198350274,-1.3683381,-0.86009824,1.4636332
1823,1700198350275,-1.1985176,-0.64751714,1.8081611
1824,1700198350275,-0.86742866,-0.28221974,1.9669861
1825,1700198350276,0.17104226,0.10873401,1.8826867
1826,1700198350276,1.6163495,0.33841935,1.627345
1827,1700198350284,3.6822958,0.16126843,0.9468411
1828,1700198350290,5.770233,0.008552114,-0.6072
1829,1700198350291,6.401868,-0.18081611,-2.6633725
1830,1700198350291,5.4147096,-0.45081854,-4.488638
1831,1700198350292,3.5124753,-0.79901177,-6.1282
1832,1700198350292,1.9975294,-1.0726794,-7.2411966
1833,1700198350293,1.8399261,-1.3988814,-7.7176714
1834,1700198350293,2.4507914,-1.9840903,-7.847175
1835,1700198350294,2.93704,-2.7000244,-7.85084
1836,1700198350295,3.4049628,-3.450167,-7.6138244
1837,1700198350295,3.0579915,-3.998724,-7.502647
1838,1700198350296,2.6096163,-4.280944,-7.4806557
1839,1700198350296,2.0451767,-4.488638,-7.593055
1840,1700198350316,1.3536774,-4.546059,-7.7286673
1841,1700198350317,1.033584,-4.3114867,-7.7176714
1842,1700198350318,1.2852604,-4.0646973,-7.3377132
1843,1700198350318,2.1502457,-3.9901717,-6.9296556
1844,1700198350319,2.8600712,-3.8276815,-6.4079766
1845,1700198350319,3.1984904,-3.626096,-5.8007765
1846,1700198350320,3.1435125,-3.5075881,-5.0347514
1847,1700198350320,2.4569001,-3.296229,-4.0964622
1848,1700198350329,1.9620992,-3.1557298,-3.5552356
1849,1700198350330,0.6731735,-2.819754,-2.4495697
1850,1700198350331,-0.6719518,-2.4507914,-1.4135422
1851,1700198350331,-1.7983873,-1.9278907,-0.5412266
1852,1700198350332,-2.3115141,-1.237613,0.172264
1853,1700198350356,-2.1355848,-0.50579643,0.9053023
1854,1700198350365,-1.3793337,0.28955013,1.8851302
1855,1700198350387,-0.72082096,1.2437216,3.336546
1856,1700198350416,-0.6914995,2.3628268,5.1337113
1857,1700198350431,-1.4611896,3.6664133,6.902777
1858,1700198350447,-2.4055874,4.7171016,8.5875435
1859,1700198350517,-2.8515189,5.5283303,9.874026
1860,1700198350518,-2.8930578,4.7305403,10.858741
1861,1700198350518,-0.8491027,4.3982296,11.252138
1862,1700198350536,3.00057,4.4898596,11.707843
1863,1700198350548,6.721961,4.759862,11.696848
1864,1700198350580,8.191703,4.94923,10.853853
1865,1700198350588,5.045747,5.027421,9.638232
1866,1700198350622,-2.978579,4.999321,8.09763
1867,1700198350645,-10.410365,3.7922513,5.1471505
1868,1700198350646,-13.511118,2.6401596,3.4061847
1869,1700198350669,-12.399343,2.0195205,2.1746802
1870,1700198350680,-9.064018,1.0311406,1.4367551
1871,1700198350703,-5.176472,0.20525073,1.4905112
1872,1700198350727,-1.3658947,-0.39828414,1.8008307
1873,1700198350747,1.6578883,-0.50579643,2.2602015
1874,1700198350769,3.2424726,-0.05375614,2.6218336
1875,1700198350782,3.7873645,0.72204274,2.574186
1876,1700198350801,3.9510765,1.3304645,2.257758
1877,1700198350824,3.9584067,1.5112807,1.5161675
1878,1700198350842,3.821573,1.2278391,0.59498274
1879,1700198350862,3.31822,0.8527679,-0.38973203
1880,1700198350882,2.4507914,0.60231316,-1.3084733
1881,1700198350911,1.6334536,0.20647246,-2.2540927
1882,1700198350921,1.0213667,-0.17715092,-3.2168164
1883,1700198350941,0.6072,-0.5742133,-3.9999456
1884,1700198350960,0.4251622,-1.0958922,-4.5949283
1885,1700198350980,0.5864306,-1.6688838,-5.3682837
1886,1700198350999,0.8906415,-2.1209242,-6.1404176
1887,1700198351028,1.1410962,-2.4654522,-6.822143
1888,1700198351040,1.3891076,-2.6682594,-7.422013
1889,1700198351066,2.0011945,-3.0115657,-8.2808895
1890,1700198351079,2.5485299,-3.3756413,-9.162979
1891,1700198351109,1.8777997,-3.5686748,-9.7042055
1892,1700198351122,-0.103847094,-3.3609805,-10.0988245
1893,1700198351146,-1.8032742,-2.6914723,-10.352944
1894,1700198351163,0.59620446,-1.7910569,-10.570413
1895,1700198351180,5.109277,-2.475226,-10.387153
1896,1700198351201,7.698124,-3.811799,-9.50262
1897,1700198351221,8.212472,-4.4813075,-7.900931
1898,1700198351241,7.7176714,-4.7952924,-6.930877
1899,1700198351260,5.5735345,-4.8221703,-5.3206363
1900,1700198351282,2.7550023,-3.9193115,-4.2589526
1901,1700198351301,0.7819075,-2.4764478,-3.0531044
1902,1700198351320,-0.052534413,-0.8344419,-1.5515977
1903,1700198351348,-0.36651915,0.7489208,-0.3286455
1904,1700198351360,-0.56199604,1.9963076,0.61575216
1905,1700198351379,-0.71837753,2.8502972,1.5699236
1906,1700198351398,-0.8784242,3.4159584,2.3848178
1907,1700198351428,-1.1765264,3.9315288,3.2852333
1908,1700198351440,-1.6811012,4.3994517,4.4043384
1909,1700198351460,-2.3909266,4.8844786,5.699373
1910,1700198351482,-3.2143729,5.362175,7.2106533
1911,1700198351502,-3.9156463,5.6773815,9.026145
1912,1700198351521,-4.5191813,5.61263,10.56186
1913,1700198351574,-4.709771,5.562539,11.401189
1914,1700198351575,-4.6437974,5.3572884,12.288165
1915,1700198351629,-3.563788,4.9577823,12.641246
1916,1700198351660,-1.1924089,4.212527,12.069475
1917,1700198351661,1.428203,3.304781,10.450683
1918,1700198351662,1.6957619,2.7586675,8.194146
1919,1700198351667,-0.32620203,2.3554964,5.9718184
1920,1700198351693,-3.3438764,2.3506095,3.9608502
1921,1700198351717,-5.9583797,2.147802,2.6755898
1922,1700198351730,-7.1239104,1.7373008,2.204002
1923,1700198351738,-6.5570273,1.1508701,2.538756
1924,1700198351760,-4.9858823,0.22724187,2.90161
1925,1700198351777,-3.0115657,-0.63041294,2.9590313
1926,1700198351799,-1.047023,-0.82344633,2.8539624
1927,1700198351818,0.60231316,-0.6047566,2.6230555
1928,1700198351838,1.8057177,-0.31031954,2.0341814
1929,1700198351857,2.0366247,0.11728613,1.0201449
1930,1700198351877,1.3720033,0.5766568,-0.37018433
1931,1700198351906,0.61575216,0.9309586,-2.0244074
1932,1700198351918,0.1881465,1.2168436,-3.321885
1933,1700198351936,0.5510005,1.3854424,-4.147775
1934,1700198351978,1.3866642,1.3939945,-4.8795915
1935,1700198351979,2.4776695,0.83199847,-5.5148916
1936,1700198352011,3.3035593,0.019547688,-6.073222
1937,1700198352020,3.5283577,-0.66339964,-6.6303315
1938,1700198352092,3.304781,-1.2119566,-7.330383
1939,1700198352093,2.8661797,-1.4062119,-7.9045963
1940,1700198352109,3.3744197,-1.6701056,-8.183151
1941,1700198352110,4.3957863,-2.1099286,-8.484919
1942,1700198352122,4.2174134,-2.7757716,-8.754921
1943,1700198352523,4.2504005,-3.472158,-9.013927
1944,1700198352754,4.696332,-4.125784,-9.109222
1945,1700198352757,4.638911,-4.601037,-9.077457
1946,1700198352923,4.114788,-4.8942523,-8.434827
1947,1700198353062,3.5259142,-5.035973,-7.1324625
1948,1700198353062,3.104417,-5.0286427,-6.447072
1949,1700198353063,2.2321017,-4.8734827,-5.2888713
1950,1700198353063,1.3329079,-4.4703116,-4.442212
1951,1700198353063,0.6059783,-3.8325686,-3.5845573
1952,1700198353064,0.14905111,-3.0262265,-2.734233
1953,1700198353064,-0.004886922,-2.0720549,-2.0146337
1954,1700198353418,-0.17715092,-0.9651671,-1.3671165
1955,1700198353418,-0.31642818,0.119729586,-0.75136423
1956,1700198353493,-0.41050145,1.0299188,-0.029321533
1957,1700198353499,-0.6035349,1.8350391,1.0091494
1958,1700198353514,-1.0458013,2.6120598,2.460565
1959,1700198353539,-1.6982054,3.4257324,4.2540655
1960,1700198353540,-2.4788911,4.174653,6.1563
1961,1700198353558,-3.1789427,4.8820353,8.010887
1962,1700198353559,-3.7042868,5.2070155,9.74941
1963,1700198353594,-3.3841934,4.629137,11.243586
1964,1700198353598,-2.453235,3.9791763,11.74083
1965,1700198353608,-1.7275269,4.276057,12.844052
1966,1700198353623,-1.2657127,5.1960196,13.51967
1967,1700198353667,-0.81122905,5.801998,13.713924
1968,1700198353679,-2.085494,5.053077,12.415225
1969,1700198353686,-2.443461,2.5607471,9.889909
1970,1700198353686,-3.35365,0.68416905,6.531371
1971,1700198353694,-5.5466566,0.103847094,3.771482
1972,1700198353725,-7.101919,0.48502702,2.0280726
1973,1700198353726,-7.69568,0.71837753,0.72082096
1974,1700198353726,-6.147748,0.3359759,0.75869465
1975,1700198353787,-3.5589008,-0.22479841,1.3866642
1976,1700198353800,-0.8527679,-0.70616025,2.1429152
1977,1700198353801,1.0311406,-0.92485,2.307849
1978,1700198353801,1.8032742,-0.64751714,2.1673498
1979,1700198353802,1.5515977,-0.2565634,1.7739527
1980,1700198353802,1.047023,0.15882497,1.1630874
1981,1700198353803,0.68416905,0.54733527,0.38606682
1982,1700198353803,0.53023106,0.7696902,-0.6291912
1983,1700198353907,0.625526,1.0115929,-1.9486601
1984,1700198353937,1.1618657,1.2742649,-3.3475416
1985,1700198353937,1.8570304,1.4318681,-4.418999
1986,1700198353938,2.7061331,1.3634512,-5.3108625
1987,1700198354103,3.662748,0.88331115,-6.106209
1988,1700198354103,4.5252895,0.18448131,-6.7170744
1989,1700198354104,5.105612,-0.56199604,-7.0860367
1990,1700198354174,5.163033,-1.3952162,-7.529525
1991,1700198354175,4.895474,-2.1013765,-7.701789
1992,1700198354176,4.327369,-2.7721064,-7.764097
1993,1700198354176,3.4428365,-3.2375858,-7.5209727
1994,1700198354177,2.5900686,-3.5100317,-7.095811
1995,1700198354177,2.289523,-3.7690387,-6.731735
1996,1700198354188,2.0195205,-4.048815,-6.858795
1997,1700198354191,1.754405,-4.162436,-7.004181
1998,1700198354192,1.2608259,-3.997502,-6.8966684
1999,1700198354192,1.0482447,-3.6884043,-6.4617324
2000,1700198354196,0.8784242,-3.3707545,-5.943719
2001,1700198354199,0.75747293,-3.018896,-5.3340755
2002,1700198354200,0.63407815,-2.669481,-4.6230283
2003,1700198354206,0.54611355,-2.4947736,-4.2357397
2004,1700198354206,0.2846632,-2.2137756,-3.4245105
2005,1700198354207,-0.037873644,-1.8826867,-2.58396
2006,1700198354207,-0.3652974,-1.5479325,-1.7263051
2007,1700198354208,-0.79779,-0.99204516,-0.6963864
2008,1700198354209,-1.1618657,-0.28221974,0.44715336
2009,1700198354212,-1.3109168,0.50946164,2.0182989
2010,1700198354223,-1.4709635,1.1936307,3.7323866
2011,1700198354224,-1.740966,1.8423696,5.408601
2012,1700198354227,-2.13925,2.430022,6.903999
2013,1700198354228,-2.1746802,2.8918362,8.268672
2014,1700198354235,-1.7006488,3.0176742,9.384112
2015,1700198354235,-1.409877,2.638938,10.197784
2016,1700198354236,-1.3561208,2.542421,10.913718
2017,1700198354236,-1.5735888,2.9248228,11.597888
2018,1700198354237,-1.9339994,3.1764994,11.99495
2019,1700198354238,-1.505172,2.933375,11.870334
2020,1700198354238,-0.40561453,2.7415633,10.886841
2021,1700198354239,-1.1325442,2.3640485,8.681617
2022,1700198354239,-1.3084733,1.5283848,6.885673
2023,1700198354239,-1.6432275,1.1704178,4.736649
2024,1700198354240,-1.8680259,1.1997393,3.095865
2025,1700198354240,-2.4422393,1.1301007,1.7629571
2026,1700198354241,-2.960253,0.8943067,1.0983357
2027,1700198354241,-3.1386256,0.6976081,0.98349303
2028,1700198354242,-2.950479,0.5888741,1.1154399
2029,1700198354243,-2.3420575,0.44837508,1.3439035
2030,1700198354260,-1.3732251,0.009773844,1.5467108
2031,1700198354361,0.095294975,-0.33108896,1.7617353
2032,1700198354362,1.4404203,-0.38973203,1.6884315
2033,1700198354387,2.1099286,-0.22479841,1.2302825
2034,1700198354388,2.172237,0.029321533,0.535118
2035,1700198354507,1.9755383,0.1441642,-0.49846604
2036,1700198354508,1.6847663,0.087964594,-1.9095647
2037,1700198354511,1.4086553,0.17592919,-3.4562755
2038,1700198354526,1.4514158,0.20647246,-4.510629
2039,1700198354526,1.8325957,0.02565634,-5.269324
2040,1700198354527,2.289523,-0.7293731,-5.7958894
2041,1700198354539,2.8026497,-1.5625933,-6.1184263
2042,1700198354553,3.1129694,-2.0964894,-6.531371
2043,1700198354555,3.200934,-2.58396,-6.980968
2044,1700198354555,2.9321532,-3.0579915,-7.5588465
2045,1700198354556,2.1954496,-3.1984904,-8.054869
2046,1700198354557,1.6652187,-3.3096678,-8.345641
2047,1700198354557,0.9468411,-3.7910297,-9.529498
2048,1700198354558,0.20280726,-4.04515,-10.352944
2049,1700198354558,0.5009095,-3.8069122,-9.472076
2050,1700198354599,1.1801916,-3.4611626,-8.482474
2051,1700198354600,1.4697418,-2.8771753,-7.5673985
2052,1700198354600,1.7336355,-2.460565,-6.945538
2053,1700198354609,1.8545868,-2.2052236,-6.3029075
2054,1700198354626,1.8912388,-2.048842,-5.593082
2055,1700198354627,1.8509218,-1.8533652,-4.8038445
2056,1700198354627,1.7788396,-1.7287487,-4.3713517
2057,1700198354628,1.4013249,-1.2620476,-2.9700267
2058,1700198354712,1.1630874,-1.0519099,-2.4776695
2059,1700198354722,0.5314528,-0.49357912,-1.4013249
2060,1700198354741,-0.2284636,0.15271631,-0.29932398
2061,1700198354741,-0.8014552,0.90408057,0.8979719
2062,1700198354742,-1.187522,1.6212363,2.0598376
2063,1700198354742,-1.4514158,2.2284365,3.4465017
2064,1700198354743,-1.6737708,2.7989845,4.9284606
2065,1700198354743,-2.0195205,3.2107077,6.3627725
2066,1700198354744,-2.2186625,3.5918877,7.833736
2067,1700198354799,-2.0073032,3.8802161,9.112887
2068,1700198354800,-1.4416419,3.3646457,9.909456
2069,1700198354800,-0.9285152,2.6181684,10.326066
2070,1700198354824,-1.3622295,2.588847,10.80865
2071,1700198354825,-2.8625145,2.64749,11.16173
2072,1700198354825,-4.488638,2.3554964,11.145847
2073,1700198354826,-4.732984,1.3536774,11.173947
2074,1700198354826,-3.8460076,0.4569272,10.400592
2075,1700198354827,-3.7446039,-0.63163465,8.246681
2076,1700198354846,-5.2363367,-1.2925909,5.3829446
2077,1700198354875,-6.790378,-1.2925909,3.286455
2078,1700198354897,-6.278473,-0.65484756,2.2479842
2079,1700198354899,-4.119675,-0.40317106,2.0231857
2080,1700198354900,-1.3060299,-0.52412236,2.149024
2081,1700198354906,1.142318,-0.64751714,2.2638667
2082,1700198354926,2.7989845,-0.68783426,2.5008824
2083,1700198354942,3.321885,-0.46303585,2.5326474
2084,1700198355032,2.9541442,-0.043982297,2.212554
2085,1700198355040,1.9975294,0.25411993,1.7140878
2086,1700198355041,0.9492846,0.5510005,0.8539896
2087,1700198355041,0.35308012,0.8588765,-0.22113322
2088,1700198355042,0.50335294,1.1618657,-1.3304645
2089,1700198355090,1.1716396,1.428203,-2.4984388
2090,1700198355091,2.26631,1.5674802,-3.5833356
2091,1700198355092,3.5442402,1.5503759,-4.5032988
2092,1700198355257,4.704884,1.1068878,-5.315749
2093,1700198355258,5.3524013,0.23335053,-6.0903263
2094,1700198355259,5.149594,-0.6462954,-6.930877
2095,1700198355259,4.543616,-1.3842206,-8.016995
2096,1700198355259,3.7690387,-2.221106,-9.74941
2097,1700198355291,3.114191,-2.9883528,-10.558195
2098,1700198355302,2.8759537,-3.5601227,-10.242989
2099,1700198355306,2.8979447,-3.8386772,-9.659001
2100,1700198355324,2.687807,-3.9608502,-9.169087
2101,1700198355327,2.0977113,-3.9132028,-8.74026
2102,1700198355329,1.3744467,-3.803247,-8.300437
2103,1700198355341,1.1032226,-3.685961,-7.661472
2104,1700198355354,1.2425,-3.400076,-6.977303
2105,1700198355374,1.600467,-3.1435125,-6.2613688
2106,1700198355402,1.9120082,-2.823419,-5.35851
2107,1700198355409,1.9657644,-2.453235,-4.261396
2108,1700198355442,1.8167132,-2.2284365,-3.6016614
2109,1700198355461,0.9859365,-1.6200147,-2.2602015
2110,1700198355527,-0.3286455,-0.8539896,-1.1325442
2111,1700198355535,-1.4575244,-0.057421334,-0.21013765
2112,1700198355542,-1.9352211,0.73792523,0.59742624
2113,1700198355543,-1.8423696,1.5015068,1.613906
2114,1700198355570,-1.5406022,2.094046,2.7721064
2115,1700198355571,-1.4428637,2.4984388,4.0182714
2116,1700198355605,-1.6249015,2.8441887,5.4318137
2117,1700198355606,-1.8289305,3.2840116,7.0884805
2118,1700198355633,-1.5308284,3.98895,8.907637
2119,1700198355646,-0.7623598,3.9706242,10.508104
2120,1700198355671,-0.43860126,3.31822,11.454945
2121,1700198355686,-0.44593164,3.1447344,11.6137705
2122,1700198355729,-1.9596558,3.7885861,11.793365
2123,1700198355730,-3.6285396,4.5130725,11.843455
2124,1700198355747,-3.4709363,4.514294,11.702956
2125,1700198355770,-1.91323,3.749491,11.026117
2126,1700198355789,-0.74036866,2.0598376,9.126327
2127,1700198355810,0.030543262,1.0543534,7.3377132
2128,1700198355825,-0.24190263,0.3323107,5.0836205
2129,1700198355846,-0.6389651,0.8002335,3.2045991
2130,1700198355868,-1.6749926,0.91629785,1.8545868
2131,1700198355896,-2.8124237,0.7293731,0.9126327
2132,1700198355906,-3.2742376,0.5705481,0.7831292
2133,1700198355929,-2.9480357,0.31398472,0.93218035
2134,1700198355945,-1.6261233,0.09773844,1.2754866
2135,1700198355968,0.4654793,0.11484267,1.455081
2136,1700198355994,2.438574,0.25778514,1.0946705
2137,1700198356007,3.532023,0.25900686,0.36163223
2138,1700198356028,3.3072245,0.22724187,-0.52534413
2139,1700198356070,2.122146,-0.021991149,-1.4672983
2140,1700198356071,0.5558874,-0.5558874,-2.6279423
2141,1700198356089,-0.4886922,-0.65240407,-3.82646
2142,1700198356106,-0.86254174,-0.40439278,-5.108055
2143,1700198356125,-0.6560693,-0.6560693,-6.4568458
2144,1700198356230,0.02321288,-1.0751228,-7.597942
2145,1700198356236,0.59620446,-1.2290609,-8.349306
2146,1700198356237,1.0934488,-1.3451253,-8.929628
2147,1700198356241,2.2247713,-1.4636332,-9.100671
2148,1700198356244,3.0042353,-1.7605137,-9.378003
2149,1700198356255,2.6364944,-1.9462167,-9.348681
2150,1700198356297,1.9156734,-1.7959439,-9.666331
2151,1700198356298,1.6982054,-1.6847663,-9.952216
2152,1700198356307,1.9278907,-1.6151277,-9.821491
2153,1700198356364,2.4275784,-1.7397442,-9.329134
2154,1700198356393,2.919936,-1.9633209,-8.633969
2155,1700198356395,2.9064968,-2.130698,-8.194146
2156,1700198356397,2.7977629,-2.379931,-7.2448616
2157,1700198356411,2.3420575,-2.3005185,-5.706703
2158,1700198356438,2.175902,-2.2015584,-5.1434855
2159,1700198356449,1.8277088,-1.9682078,-3.9058723
2160,1700198356472,1.1117748,-1.59558,-2.702468
2161,1700198356488,-0.17104226,-1.1337659,-1.5283848
2162,1700198356514,-1.6126842,-0.6426302,-0.42638394
2163,1700198356523,-2.6364944,-0.20525073,0.6621779
2164,1700198356544,-2.9773571,0.17104226,1.8826867
2165,1700198356563,-2.8283062,0.45448375,3.2424726
2166,1700198356592,-2.52043,0.69027776,4.7781878
2167,1700198356609,-2.1062634,0.77579886,6.4727283
2168,1700198356630,-1.8741345,0.95294976,8.058535
2169,1700198356647,-1.7849482,1.3060299,9.468411
2170,1700198356663,-1.6933185,1.6933185,10.68892
2171,1700198356693,-1.7531832,1.4355333,11.665083
2172,1700198356709,-1.6114625,0.6560693,12.371243
2173,1700198356742,-1.5845845,0.6047566,12.769527
2174,1700198356742,-1.7189748,1.0494665,13.013873
2175,1700198356783,-0.9272934,1.4391985,12.787853
2176,1700198356811,0.4605924,1.4770721,12.046263
2177,1700198356812,1.1472049,0.80878556,9.78484
2178,1700198356826,0.38728857,0.0842994,7.2827353
2179,1700198356844,-1.1899655,0.5412266,5.084842
2180,1700198356866,-2.0732768,1.2217305,3.2693508
2181,1700198356908,-3.2045991,0.56077427,1.9437732
2182,1700198356942,-3.5185838,0.03176499,1.9339994
2183,1700198356959,-2.886949,-0.6084218,2.0720549
2184,1700198356967,-1.3267993,-0.64751714,1.9877555
2185,1700198356998,0.6096435,-0.13927728,1.4391985
2186,1700198356998,1.881465,0.44226643,0.57787853
2187,1700198357007,2.4923303,0.6658431,-0.41172317
2188,1700198357031,2.3677137,0.75869465,-1.2547172
2189,1700198357047,1.7299703,0.75502944,-2.1050417
2190,1700198357092,1.0079277,0.53023106,-2.9407053
2191,1700198357092,0.4202753,0.37995818,-3.916868
2192,1700198357106,0.204029,0.119729586,-4.927239
2193,1700198357139,0.45937067,-0.18081611,-5.9632664
2194,1700198357142,1.0213667,-0.34574974,-6.6596527
2195,1700198357162,1.4269812,-0.535118,-7.2192054
2196,1700198357189,1.378112,-0.5497787,-7.5869465
2197,1700198357229,0.5143485,-0.24190263,-7.8007493
2198,1700198357232,0.0,-0.010995574,-7.8520617
2199,1700198357242,-0.7623598,0.43371433,-7.9070396
2200,1700198357260,-0.77579886,0.72204274,-7.842288
2201,1700198357283,0.081855945,0.94806284,-7.888714
2202,1700198357314,1.2425,0.99204516,-8.01333
2203,1700198357330,2.702468,0.94806284,-8.15383
2204,1700198357350,3.8008037,0.65118235,-8.349306
2205,1700198357366,4.170988,0.4092797,-8.276002
2206,1700198357389,4.321261,-0.20280726,-8.0622
2207,1700198357403,3.6566393,-1.1447614,-7.142236
2208,1700198357432,3.2742376,-1.4355333,-6.6657615
2209,1700198357440,2.2919664,-1.6236799,-5.6016345
2210,1700198357466,1.1447614,-1.4416419,-4.4043384
2211,1700198357480,0.021991149,-1.0983357,-3.2033772
2212,1700198357502,-0.6817256,-0.643852,-1.9156734
2213,1700198357521,-0.9993755,0.040317107,-0.38240165
2214,1700198357542,-1.3206906,0.8564331,1.5992452
2215,1700198357559,-1.8606955,1.459968,3.7995818
2216,1700198357580,-2.5216517,1.7605137,6.405533
2217,1700198357605,-2.910162,1.7788396,8.621752
2218,1700198357620,-2.4764478,1.3744467,10.344392
2219,1700198357641,-1.5259414,0.23701571,11.409741
2220,1700198357658,-1.2583824,-1.3158038,11.861781
2221,1700198357690,-0.61453044,-1.6187929,12.622919
2222,1700198357715,-0.49357912,-1.251052,13.012651
2223,1700198357729,-0.5375614,-0.59498274,13.077403
2224,1700198357739,-0.516792,-0.23579398,12.449433
2225,1700198357766,-1.428203,-0.2321288,10.78788
2226,1700198357782,-2.3518312,-0.62796944,8.605869
2227,1700198357813,-3.4794884,-1.1850786,6.1233134
2228,1700198357818,-4.8930306,-1.4074335,4.1270056
2229,1700198357842,-5.4513617,-1.0030408,2.792876
2230,1700198357862,-5.70426,-0.9138544,1.8704693
2231,1700198358067,-4.709771,-0.9578367,1.7348573
2232,1700198358081,-2.2088888,-1.174083,1.9572122
2233,1700198358082,1.5699236,-1.2486086,2.0024164
2234,1700198358101,4.6975536,-0.72082096,1.577254
2235,1700198358110,5.2888713,0.22235495,1.078788
2236,1700198358112,3.6664133,0.8857546,0.12339478
2237,1700198358113,1.600467,1.5332718,-1.3341297
2238,1700198358118,0.40439278,2.0610592,-2.6108382
2239,1700198358118,0.40683624,2.1636846,-3.6639698
2240,1700198358119,1.1765264,2.1844542,-4.629137
2241,1700198358133,2.1453588,2.0280726,-5.525887
2242,1700198358134,2.9003882,1.6126842,-6.2076125
2243,1700198358194,3.1398473,1.0983357,-6.902777
2244,1700198358206,3.0396655,0.74036866,-7.564955
2245,1700198358207,3.145956,0.38362336,-8.197811
2246,1700198358207,4.808731,-0.013439035,-8.663291
2247,1700198358208,2.8857274,-0.33353242,-8.875872
2248,1700198358230,1.078788,-1.0690142,-9.203296
2249,1700198358239,-0.6377433,-0.98715824,-9.866695
2250,1700198358272,0.6988298,-0.4007276,-10.322401
2251,1700198358280,2.6548204,-0.21380283,-10.112264
2252,1700198358307,4.138001,-0.6035349,-9.4329815
2253,1700198358319,4.8930306,-1.3793337,-8.596096
2254,1700198358339,4.59615,-2.147802,-7.502647
2255,1700198358361,4.3041563,-2.4092526,-6.9052205
2256,1700198358381,3.5295794,-2.525317,-5.6236253
2257,1700198358398,1.9938642,-2.1087067,-3.5246925
2258,1700198358419,1.3976597,-1.8655825,-2.8209758
2259,1700198358441,0.080634214,-1.2253957,-1.5161675
2260,1700198358456,-0.8038987,-0.43493605,-0.36651915
2261,1700198358477,-0.8491027,0.3408628,0.7305948
2262,1700198358498,-0.4373795,0.91751957,1.9230038
2263,1700198358516,-0.204029,1.3842206,3.385415
2264,1700198358541,-0.40317106,1.8252654,5.108055
2265,1700198358556,-0.93951076,2.2589796,6.8868947
2266,1700198358579,-1.7263051,2.6010642,8.537453
2267,1700198358597,-2.2516494,2.8002062,9.993755
2268,1700198358616,-2.796541,2.4740043,11.065213
2269,1700198358636,-3.0164526,1.4318681,12.013276
2270,1700198358656,-3.0262265,1.2131784,12.921021
2271,1700198358675,-2.7085764,1.2852604,13.390166
2272,1700198358698,-1.3182472,1.3451253,13.191024
2273,1700198358715,0.9615019,1.3451253,12.305269
2274,1700198358741,1.7299703,1.5980235,10.085385
2275,1700198358760,0.54611355,1.2803736,7.7909756
2276,1700198358780,-1.1997393,1.1582005,5.1789155
2277,1700198358797,-3.2656856,1.3035865,3.3169982
2278,1700198358816,-4.8502703,1.1643091,1.9816469
2279,1700198358835,-4.690223,0.7049385,1.7336355
2280,1700198358865,-3.450167,0.2406809,1.9694295
2281,1700198358877,-1.7935003,0.09773844,2.1905627
2282,1700198358897,-0.44104472,0.015882496,2.194228
2283,1700198358917,0.41172317,-0.035430185,2.0146337
2284,1700198358935,0.9639453,0.0061086523,1.645671
2285,1700198358961,1.2718215,0.15515977,1.0213667
2286,1700198358991,1.382999,0.3811799,0.12339478
2287,1700198358996,1.3439035,0.52778757,-0.87109387
2288,1700198359018,0.9639453,0.5852089,-2.1160371
2289,1700198359036,0.70738196,0.7134906,-3.4074063
2290,1700198359063,1.028697,0.91629785,-4.356691
2291,1700198359093,1.9401081,0.8026769,-5.117829
2292,1700198359118,3.199712,0.31642818,-5.759238
2293,1700198359141,4.0365977,-0.5742133,-6.3310075
2294,1700198359143,4.221079,-1.2999213,-6.863682
2295,1700198359166,4.289496,-1.8606955,-7.2815137
2296,1700198359202,4.9602256,-2.4092526,-7.7433276
2297,1700198359209,6.3456683,-3.4281757,-7.946135
2298,1700198359215,7.783645,-4.791627,-8.305324
2299,1700198359242,7.5735073,-5.9767056,-8.059756
2300,1700198359253,6.28336,-6.750061,-7.2460837
2301,1700198359276,4.139223,-7.121467,-6.4519587
2302,1700198359296,1.8655825,-6.9430943,-5.8154373
2303,1700198359320,0.63163465,-6.539923,-5.403714
2304,1700198359333,0.2443461,-6.179513,-5.010317
2305,1700198359359,0.11362094,-5.7775636,-4.4629817
2306,1700198359376,0.037873644,-5.4232616,-4.142888
2307,1700198359400,-0.35796702,-3.8863246,-3.1019738
2308,1700198359520,-0.39950588,-3.4122932,-2.7550023
2309,1700198359592,-0.44959682,-2.4569001,-2.1331415
2310,1700198359593,-0.53023106,-1.2486086,-1.5344934
2311,1700198359594,-0.77213365,0.13561209,-0.86376345
2312,1700198359594,-0.93584555,1.5112807,0.2565634
2313,1700198359595,-1.0445796,2.819754,1.6676621
2314,1700198359595,-1.4905112,4.0292673,3.2705724
2315,1700198359596,-2.1868975,4.912578,4.937013
2316,1700198359622,-2.9810224,5.4012704,6.4751716
2317,1700198359670,-3.3487632,5.6553903,7.877718
2318,1700198359671,-3.517362,5.137377,8.74759
2319,1700198359676,-3.5014796,4.388456,9.910678
2320,1700198359731,-3.0482175,4.138001,11.255803
2321,1700198359739,-3.3988543,4.246735,11.996172
2322,1700198359740,-3.9107592,3.8814378,11.987619
2323,1700198359789,-3.7018435,2.9064968,11.263133
2324,1700198359812,-3.0677652,2.0561724,9.751853
2325,1700198359847,-2.9394836,1.0690142,7.897266
2326,1700198359852,-2.4178047,0.46670106,5.8447585
2327,1700198359886,-1.8912388,0.344528,4.2785
2328,1700198359893,-1.1178834,0.6780604,3.222925
2329,1700198359907,-0.0842994,0.816116,3.0030136
2330,1700198359920,0.874759,0.6389651,2.9126055
2331,1700198359921,1.2290609,0.44104472,2.371379
2332,1700198359922,0.8943067,0.49235737,1.6884315
2333,1700198359923,0.6768387,0.43004912,1.0262536
2334,1700198359943,1.0714576,0.19914207,0.087964594
2335,1700198359991,1.1166617,0.10873401,-1.0800097
2336,1700198359991,0.8210029,0.18692477,-2.0744984
2337,1700198359992,0.689056,0.043982297,-2.951701
2338,1700198360045,0.7244862,-0.29565877,-3.7384953
2339,1700198360046,0.75625116,-0.70738196,-4.3811255
2340,1700198360054,0.5693264,-1.237613,-5.0371947
2341,1700198360072,0.02321288,-1.6346754,-5.78245
2342,1700198360093,-0.07574729,-1.8069394,-6.5435886
2343,1700198360112,0.13927728,-1.8069394,-7.402465
2344,1700198360138,0.36774087,-1.6884315,-7.965683
2345,1700198360154,0.3323107,-1.473407,-8.367632
2346,1700198360173,0.1441642,-1.3622295,-8.636413
2347,1700198360197,0.816116,-1.6762142,-9.299812
2348,1700198360215,1.078788,-1.7336355,-9.831265
2349,1700198360233,1.2486086,-1.6872098,-10.374935
2350,1700198360257,2.430022,-1.640784,-10.178237
2351,1700198360289,4.388456,-2.008525,-9.513616
2352,1700198360298,5.8679714,-2.6951375,-8.737817
2353,1700198360316,5.8447585,-3.31822,-7.7408843
2354,1700198360361,5.2742105,-3.8252382,-6.1550784
2355,1700198360362,4.161214,-3.866777,-4.746423
2356,1700198360373,1.9682078,-2.5949554,-2.7232373
2357,1700198360390,1.2400564,-1.1142182,0.14905111
2358,1700198360417,0.07819075,0.18936823,2.1038198
2359,1700198360432,-0.5888741,0.8454375,2.669481
2360,1700198360450,-1.4526376,1.8790215,3.6370916
2361,1700198360472,-1.5613716,2.4129176,4.418999
2362,1700198360490,-1.4123205,2.9150488,5.0469685
2363,1700198360511,-1.2498302,3.431841,5.7629027
2364,1700198360530,-1.3096951,4.065919,6.5668015
2365,1700198360550,-1.5381587,4.6987753,7.6016073
2366,1700198360589,-1.8216002,5.3426275,8.921076
2367,1700198360592,-2.0500638,5.5735345,9.991312
2368,1700198360609,-1.709201,5.6016345,10.729238
2369,1700198360630,-0.593761,5.616295,11.226481
2370,1700198360652,1.128879,5.530774,11.096978
2371,1700198360672,2.6499333,5.263215,9.867917
2372,1700198360692,2.7940977,4.7293186,7.7408843
2373,1700198360710,1.6346754,3.9425242,5.439144
2374,1700198360732,-0.4801401,3.781256,3.3695326
2375,1700198360750,-3.1789427,3.604105,2.0744984
2376,1700198360780,-5.33041,2.896723,1.3573426
2377,1700198360797,-6.3029075,2.2540927,1.3182472
2378,1700198360811,-5.90218,1.6896533,1.704314
2379,1700198360831,-4.4409904,0.9822713,2.194228
2380,1700198360849,-2.629164,0.312763,2.5668557
2381,1700198360871,-0.65484756,0.07086037,2.7049112
2382,1700198360892,1.396438,0.32986724,2.52043
2383,1700198360908,3.1581733,0.5375614,2.048842
2384,1700198360966,4.094019,0.41783184,1.2583824
2385,1700198360969,3.916868,0.24801129,0.34574974
2386,1700198360969,2.9358184,-0.021991149,-0.65118235
2387,1700198360993,1.6077974,-0.47403142,-1.7153096
2388,1700198361010,0.4447099,-0.8491027,-2.765998
2389,1700198361028,-0.13561209,-1.0445796,-3.5698965
2390,1700198361049,0.056199603,-0.97005403,-4.2051964
2391,1700198361069,0.7892379,-1.4416419,-4.6205845
2392,1700198361092,1.6383406,-2.93704,-5.1337113
2393,1700198361113,1.9425515,-4.0720277,-5.635843
2394,1700198361140,1.7385225,-4.174653,-6.0280185
2395,1700198361167,1.5980235,-4.233296,-6.223495
2396,1700198361181,1.5381587,-4.745201,-6.6743135
2397,1700198361195,1.6933185,-5.0384164,-7.0286155
2398,1700198361211,1.921782,-5.3695054,-7.2705183
2399,1700198361234,1.9657644,-5.497787,-7.615046
2400,1700198361251,1.3622295,-5.315749,-8.230799
2401,1700198361271,1.1459832,-5.059186,-8.897863
2402,1700198361288,1.5723672,-4.945565,-9.06524
2403,1700198361308,1.8765781,-4.732984,-8.388402
2404,1700198361328,2.172237,-4.582711,-7.2644095
2405,1700198361348,2.35794,-4.552168,-6.338338
2406,1700198361367,2.1282544,-4.3359213,-5.468466
2407,1700198361388,1.3316863,-3.8227947,-4.6767845
2408,1700198361410,0.37995818,-3.1264083,-3.8863246
2409,1700198361428,-0.48258355,-2.4349089,-3.2314773
2410,1700198361447,-1.0726794,-1.6432275,-2.6316075
2411,1700198361467,-1.2217305,-1.2180653,-2.316401
2412,1700198361488,-0.8943067,-0.096516706,-0.9822713
2413,1700198361518,-0.6731735,0.32498032,-0.453262
2414,1700198361549,-0.37751472,1.2608259,0.9370673
2415,1700198361553,-0.5522222,2.3090706,2.819754
2416,1700198361574,-1.5234979,3.4025195,4.972443
2417,1700198361593,-3.1215215,4.3676863,7.101919
2418,1700198361616,-4.5387287,5.2681017,9.068906
2419,1700198361628,-4.6303587,5.9278364,10.785437
2420,1700198361648,-2.6511552,4.678006,11.775039
2421,1700198361667,-0.5558874,3.9522982,10.444574
2422,1700198361687,0.1001819,4.387234,11.68463
2423,1700198361708,0.007330383,5.539326,12.493416
2424,1700198361726,0.28955013,6.4263024,12.384682
2425,1700198361746,-0.16371189,5.448918,11.275351
2426,1700198361769,-2.2455406,3.726278,9.50262
2427,1700198361803,-4.7574186,2.0891593,7.492873
2428,1700198361806,-6.1123176,0.83077675,5.3084188
2429,1700198361827,-6.845356,0.17470746,3.5967746
2430,1700198361846,-7.0652676,0.08674286,2.2589796
2431,1700198361868,-6.77083,0.007330383,1.4025466
2432,1700198361906,-5.9229493,-0.31398472,1.1777482
2433,1700198361914,-4.753753,-0.7293731,1.3206906
2434,1700198361926,-3.4012976,-0.9663888,1.5454891
2435,1700198361949,-1.5784758,-0.86742866,1.772731
2436,1700198361973,0.26145032,-0.45081854,1.7238617
2437,1700198361988,1.6786577,-0.052534413,1.6236799
2438,1700198362009,2.5399778,0.26633725,1.4123205
2439,1700198362027,3.1007519,0.6988298,0.95417154
2440,1700198362052,3.477045,1.4123205,0.35185838
2441,1700198362067,3.712839,1.8044959,-0.49235737
2442,1700198362087,3.7971385,1.6701056,-1.536937
2443,1700198362108,3.7885861,1.4184291,-2.8209758
2444,1700198362127,3.8741074,1.1472049,-3.9694023
2445,1700198362147,4.261396,0.73792523,-4.9052477
2446,1700198362176,4.510629,-0.12950343,-5.852089
2447,1700198362188,4.4031167,-0.99082345,-6.5985665
2448,1700198362232,3.980398,-1.6578883,-7.294953
2449,1700198362255,3.5515707,-2.2748623,-8.0096655
2450,1700198362262,3.2424726,-2.90161,-8.753699
2451,1700198362267,2.0732768,-3.3157766,-9.572258
2452,1700198362287,-1.1936307,-3.4367278,-10.065838
2453,1700198362314,-3.3035593,-2.9297097,-10.432357
2454,1700198362327,-1.6933185,-1.3866642,-10.913718
2455,1700198362352,-0.021991149,-0.32742378,-11.624765
2456,1700198362366,1.0152581,0.24312437,-11.481823
2457,1700198362385,2.5607471,0.16371189,-11.238699
2458,1700198362414,3.8802161,-0.68294734,-10.592403
2459,1700198362426,4.321261,-1.1936307,-9.353569
2460,1700198362445,4.246735,-1.3451253,-7.649255
2461,1700198362473,3.9718459,-1.4013249,-6.0866613
2462,1700198362487,2.951701,-1.1618657,-4.756197
2463,1700198362507,1.8387043,-0.65484756,-3.4758232
2464,1700198362528,1.3475688,-0.11362094,-2.0525072
2465,1700198362551,1.4208726,0.39461896,-0.5448918
2466,1700198362565,1.7996091,0.8588765,1.078788
2467,1700198362605,2.0500638,1.3035865,2.7146852
2468,1700198362630,1.9462167,1.5515977,3.5198054
2469,1700198362649,1.1081096,2.0610592,5.109277
2470,1700198362653,-0.41538838,2.5705209,6.5619144
2471,1700198362671,-2.0769417,3.0079005,8.06953
2472,1700198362698,-3.595553,3.1948252,9.608911
2473,1700198362708,-5.0701814,3.1471777,11.123857
2474,1700198362725,-6.0952134,2.9443705,12.512963
2475,1700198362760,-6.236934,1.7250835,13.3400755
2476,1700198362771,-5.2705455,0.05009095,13.164146
2477,1700198362788,-2.824641,-0.15393804,13.721255
2478,1700198362822,2.0341814,0.44959682,13.867863
2479,1700198362825,7.816632,0.43249258,12.633915
2480,1700198362844,10.400592,0.40561453,8.751255
2481,1700198362865,6.079331,0.86376345,5.825211
2482,1700198362891,-2.2956316,1.4123205,3.4171803
2483,1700198362911,-8.436049,1.971873,2.4581218
2484,1700198362925,-11.244807,1.640784,2.1197023
2485,1700198362943,-10.819645,0.61208695,2.7452285
2486,1700198362963,-8.414058,-0.7171558,3.2522466
2487,1700198362985,-5.3023105,-1.8350391,3.472158
2488,1700198363007,-2.8099802,-2.3408356,3.3670893
2489,1700198363032,-1.1728612,-2.1539109,3.1789427
2490,1700198363051,-0.036651913,-1.7079792,2.8857274
2491,1700198363063,0.7733554,-1.1838568,2.4019222
2492,1700198363089,0.6792821,-0.5363397,1.6676621
2493,1700198363103,-0.03176499,0.28221974,0.7476991
2494,1700198363123,-0.6988298,1.0543534,-0.3885103
2495,1700198363144,-0.79534656,1.7617353,-1.5699236
2496,1700198363167,-0.13439035,2.2418754,-2.5179865
2497,1700198363186,0.97127575,2.6035078,-3.3206635
2498,1700198363205,2.147802,2.8270843,-4.0634756
2499,1700198363223,3.2779028,2.8209758,-4.6951103
2500,1700198363242,4.425108,2.4593434,-5.2607713
2501,1700198363263,5.067738,1.7971655,-5.808107
2502,1700198363283,5.108055,0.9773844,-6.390872
2503,1700198363310,4.900361,0.267559,-6.9382076
2504,1700198363326,4.1990876,-0.37140608,-7.551516
2505,1700198363343,3.3707545,-0.6780604,-8.195368
2506,1700198363367,2.7073548,-0.9334021,-8.987049
2507,1700198363383,1.3096951,-0.97249746,-9.847148
2508,1700198363402,-0.3115413,-0.5681047,-10.432357
2509,1700198363424,-0.97127575,0.07452556,-10.820867
2510,1700198363442,-0.13683382,0.625526,-11.013901
2511,1700198363471,1.7104226,0.75502944,-10.908832
2512,1700198363482,3.4147367,0.058643065,-10.773219
2513,1700198363502,4.201531,-0.8222246,-10.020634
2514,1700198363543,4.56072,-1.3768903,-8.491027
2515,1700198363544,4.219857,-1.5992452,-7.0115113
2516,1700198363564,3.490484,-1.6053538,-5.825211
2517,1700198363588,2.6413813,-1.3292428,-4.754975
2518,1700198363602,2.0952678,-1.0360274,-3.4440582
2519,1700198363622,1.9706513,-0.6597345,-1.9388863
2520,1700198363643,2.0329595,-0.22602014,-0.44959682
2521,1700198363663,1.9877555,0.44104472,0.9957104
2522,1700198363683,1.5723672,1.2412782,2.3261747
2523,1700198363704,1.1606439,1.6395624,2.9260445
2524,1700198363721,-0.039095376,2.2748623,4.1856484
2525,1700198363742,-1.5430456,2.7317894,5.574756
2526,1700198363765,-3.3243287,2.9407053,7.0945888
2527,1700198363784,-5.277876,2.7818804,8.818451
2528,1700198363802,-7.0554934,2.2321017,10.417696
2529,1700198363823,-8.218581,1.0690142,11.693183
2530,1700198363843,-8.619308,-0.59131753,12.585046
2531,1700198363862,-7.9131484,-2.3738225,13.247224
2532,1700198363882,-5.7311378,-3.6334264,13.905736
2533,1700198363902,-1.8790215,-3.7775908,14.605788
2534,1700198363930,4.3860126,-2.01219,15.056606
2535,1700198363943,11.022452,0.60231316,14.664431
2536,1700198363964,12.315043,2.1025982,10.602178
2537,1700198363982,8.354193,3.0017917,7.492873
2538,1700198364001,2.7122416,2.8686233,4.2406263
2539,1700198364041,-1.3072516,2.919936,2.4825563
2540,1700198364047,-4.6755624,2.01219,1.3671165
2541,1700198364061,-6.802595,1.2229522,0.9260717
2542,1700198364092,-7.9436917,1.073901,0.80756384
2543,1700198364103,-7.5551815,0.6010914,0.99082345
2544,1700198364121,-5.7555723,-0.095294975,1.3683381
2545,1700198364140,-3.1337388,-0.84421575,1.5125023
2546,1700198364162,-0.13316862,-1.0531317,1.3561208
2547,1700198364182,2.1429152,-0.72692966,0.94806284
2548,1700198364205,3.2852333,-0.44715336,0.39950588
2549,1700198364226,3.2974505,-0.26389378,-0.2003638
2550,1700198364242,2.244319,-0.41783184,-1.2754866
2551,1700198364260,0.68416905,-0.49480084,-2.6487117
2552,1700198364281,-0.4728097,-0.02687807,-4.10868
2553,1700198364300,-0.86742866,0.52290064,-5.3145275
2554,1700198364320,-0.54733527,0.8197812,-6.2906904
2555,1700198364340,0.3408628,0.75991637,-7.315722
2556,1700198364361,1.4477507,0.41538838,-8.18926
2557,1700198364387,2.5631905,0.096516706,-8.846551
2558,1700198364402,3.6187658,-0.24312437,-9.100671
2559,1700198364423,4.5949283,-0.5888741,-9.083567
2560,1700198364445,4.874705,-0.9615019,-9.061575
2561,1700198364459,4.6022587,-1.5381587,-9.049357
2562,1700198364481,3.8325686,-2.107485,-9.132436
2563,1700198364500,3.0396655,-2.4776695,-9.100671
2564,1700198364521,2.1209242,-2.8258626,-9.129992
2565,1700198364544,1.3390167,-2.9626966,-8.917411
2566,1700198364563,0.40194935,-2.9431489,-8.480031
2567,1700198364584,-0.2846632,-2.6548204,-7.8031926
2568,1700198364600,-0.2687807,-2.189341,-7.012733
2569,1700198369866,0.19914207,-1.7666223,-6.1282
2570,1700198369867,0.83077675,-1.4819591,-5.3487363
2571,1700198369868,1.3927728,-1.2791518,-4.480086
2572,1700198369873,1.704314,-1.070236,-3.4477234
2573,1700198369881,1.6798794,-0.8772025,-2.2858577
2574,1700198369883,1.4807373,-0.657291,-0.81000733
2575,1700198369888,0.97127575,-0.3371976,0.45814893
2576,1700198370273,0.4092797,0.118507855,2.01219
2577,1700198370764,-0.13805555,0.5143485,3.6725218
2578,1700198370765,-0.408058,0.7012733,4.5313983
2579,1700198370765,-1.0103711,1.0494665,6.2393775
2580,1700198370766,-1.5149459,1.3365731,7.746993
2581,1700198370766,-1.4758505,1.3817772,9.023702
2582,1700198370888,-1.6151277,1.8325957,10.062172
2583,1700198370906,-2.0415115,2.2736404,11.242364
2584,1700198370907,-2.5534167,1.7751744,12.070697
2585,1700198370908,-3.3377676,0.7806858,12.515408
2586,1700198370957,-3.5515707,0.7318166,12.962561
2587,1700198370958,-3.0091221,1.2938126,13.485461
2588,1700198370958,-0.9443977,2.211332,14.029131
2589,1700198370959,2.3310618,2.3860397,13.699264
2590,1700198370959,3.7006216,1.6163495,11.134851
2591,1700198371024,2.9981265,0.40439278,8.754921
2592,1700198371025,1.8325957,-0.54367006,5.6236253
2593,1700198371025,0.9822713,0.6646214,3.345098
2594,1700198371026,-0.95417154,1.0482447,0.97249746
2595,1700198371026,-2.8955014,1.0543534,-0.5644395
2596,1700198371027,-4.0182714,1.0812315,-0.8491027
2597,1700198371074,-4.65968,0.79412484,-0.87964594
2598,1700198371077,-4.552168,0.50335294,-0.6927212
2599,1700198371084,-3.1471777,0.5876524,0.24190263
2600,1700198371085,-1.187522,0.4166101,1.0091494
2601,1700198371086,1.2522738,0.19547687,1.251052
2602,1700198371086,3.4782667,-0.02687807,1.070236
2603,1700198371087,4.4275513,-0.21502456,0.6243043
2604,1700198371087,4.0097194,-0.33964106,-0.09773844
2605,1700198371120,2.6303856,-0.36041048,-1.1472049
2606,1700198371120,1.0543534,-0.37018433,-2.443461
2607,1700198371121,-0.05375614,-0.47036624,-3.8154643
2608,1700198371121,-0.52778757,-0.50946164,-4.9858823
2609,1700198371122,-0.062308256,-0.71837753,-5.699373
2610,1700198371122,0.9944886,-1.1997393,-6.2650337
2611,1700198371122,1.8057177,-1.8240436,-6.718296
2612,1700198371123,2.085494,-2.1649065,-7.1202455
2613,1700198371123,2.2540927,-2.4055874,-7.3853607
2614,1700198371140,2.4862216,-2.5961773,-7.611381
2615,1700198371140,2.533869,-2.6780334,-7.9791217
2616,1700198371141,2.3774874,-2.692694,-8.428719
2617,1700198371141,1.9889772,-2.751337,-8.892976
2618,1700198371142,1.4489723,-2.791654,-9.269269
2619,1700198371142,1.0580186,-2.796541,-9.363342
2620,1700198371142,0.8344419,-2.814867,-9.387777
2621,1700198371143,1.1435398,-2.8588493,-9.170309
2622,1700198371143,1.3206906,-2.796541,-8.769582
2623,1700198371148,1.2986995,-2.538756,-8.185595
2624,1700198371148,1.0604621,-1.9645426,-7.4684386
2625,1700198371149,0.79779,-1.3695599,-6.6889744
2626,1700198371149,0.71837753,-0.9370673,-5.8557544
2627,1700198371149,0.83199847,-0.7305948,-4.910135
2628,1700198371156,0.82344633,-0.5375614,-3.79836
2629,1700198371163,0.7367035,-0.38728857,-3.1471777
2630,1700198371164,0.5216789,-0.13805555,-1.6334536
2631,1700198371164,0.05497787,0.28221974,-0.14905111
2632,1700198371165,-0.42638394,0.8332202,1.990199
2633,1700198371165,-1.0958922,1.459968,4.269948
2634,1700198371178,-2.0830505,2.211332,6.528928
2635,1700198371184,-2.2809708,3.150843,8.741482
2636,1700198371185,-1.5748106,4.2736135,10.4348
2637,1700198371185,-1.4074335,5.5674257,11.611326
2638,1700198371185,-1.5296066,6.3175683,13.513561
2639,1700198371186,-1.1801916,5.4440312,15.092037
2640,1700198371186,-1.5027285,3.9877284,16.052317
2641,1700198371187,-3.7836993,2.7049112,15.601499
2642,1700198371189,-7.0420547,2.053729,14.101213
2643,1700198371189,-9.50995,2.2418754,13.171476
2644,1700198371204,-8.271115,1.4025466,12.367578
2645,1700198371205,-5.087286,-1.4001031,9.376781
2646,1700198371205,-0.8197812,-1.9938642,6.75617
2647,1700198371206,3.749491,0.90285885,3.5100317
2648,1700198371206,2.2883012,1.4428637,-0.48502702
2649,1700198371206,0.28588495,0.5522222,-1.0384709
2650,1700198371207,-1.6249015,-0.453262,0.10751228
2651,1700198371207,-2.9895744,-0.8210029,0.59498274
2652,1700198371216,-3.4648278,-0.31031954,1.5735888
2653,1700198371217,-3.8484511,0.19547687,2.094046
2654,1700198371217,-3.435506,0.49113566,2.1465805
2655,1700198371217,-0.91996306,0.57787853,1.5076154
2656,1700198371218,1.6737708,0.84421575,0.24678956
2657,1700198371218,3.1227431,1.3023647,-1.7385225
2658,1700198371218,3.8374555,1.8277088,-3.8179078
2659,1700198371219,4.148997,2.261423,-4.736649
2660,1700198371219,4.320039,2.3225098,-5.7274723
2661,1700198371234,4.4935246,1.7959439,-6.739065
2662,1700198371238,4.787962,0.7611381,-7.494095
2663,1700198371239,4.9932127,-0.29932398,-7.674911
2664,1700198371239,5.150816,-1.3426818,-7.50509
2665,1700198371239,5.574756,-2.430022,-7.4183474
2666,1700198371240,5.112942,-3.2339206,-7.464773
2667,1700198371240,4.425108,-3.6884043,-7.3988
2668,1700198371241,3.4868188,-4.1184535,-7.606494
2669,1700198371241,2.0097466,-4.4299946,-8.137947
2670,1700198371241,0.60231316,-4.3896775,-8.680395
2671,1700198371242,0.40317106,-4.2186356,-9.099449
2672,1700198371242,1.0726794,-4.02438,-8.86732
2673,1700198371242,1.6517797,-3.8814378,-8.1648245
2674,1700198371243,2.1135938,-3.716504,-7.1495667
2675,1700198371243,2.438574,-3.6016614,-6.1282
2676,1700198371274,2.4581218,-3.5295794,-5.6370645
2677,1700198371275,1.3903292,-3.0653217,-4.085467
2678,1700198371290,0.77579886,-2.814867,-3.5760052
2679,1700198371291,-0.6426302,-2.1416936,-2.5961773
2680,1700198371292,-1.8435913,-1.3927728,-1.577254
2681,1700198371292,-1.9572122,-0.59864795,-0.28710666
2682,1700198371306,-1.4257594,0.15271631,1.0042624
2683,1700198371321,-1.070236,0.85154617,2.6816983
2684,1700198371322,-0.9761627,1.4844025,4.49719
2685,1700198371322,-1.3133603,1.9963076,6.2858033
2686,1700198371323,-1.736079,2.4898868,8.056091
2687,1700198371323,-2.0060816,2.9639182,9.723753
2688,1700198371343,-2.1331415,3.5845573,11.093313
2689,1700198371353,-1.9168952,3.2607987,12.05848
2690,1700198371353,-1.0922271,2.2052236,12.567942
2691,1700198371354,0.24801129,3.1569517,12.824505
2692,1700198371354,2.8539624,4.2797217,13.114055
2693,1700198371354,5.5038958,4.8905873,13.437814
2694,1700198371355,4.860044,5.0518556,12.194092
2695,1700198371355,0.42394048,4.353026,9.435425
2696,1700198371380,-3.8398988,2.734233,6.232047
2697,1700198371382,-6.041457,2.4483478,3.9645154
2698,1700198371382,-7.261966,2.2809708,2.1331415
2699,1700198371383,-7.764097,1.7482964,0.3005457
2700,1700198371383,-7.6675806,1.4379768,-0.22968534
2701,1700198371384,-6.477615,0.6133087,0.09896017
2702,1700198371384,-3.9767327,-0.56199604,0.784351
2703,1700198371385,-1.4477507,-1.1887437,1.7983873
2704,1700198371385,0.68294734,-0.9114109,2.26631
2705,1700198371469,2.0134118,-0.27000242,2.3774874
2706,1700198371485,2.7317894,0.22968534,2.171015
2707,1700198371485,3.182608,0.3481932,1.5650368
2708,1700198371488,3.5185838,0.50701815,0.535118
2709,1700198371490,3.5295794,0.6450737,-0.9773844
2710,1700198371491,3.336546,0.42149702,-2.58396
2711,1700198371492,3.2033772,0.0,-3.82646
2712,1700198371493,3.2436945,-0.48502702,-4.774523
2713,1700198371493,3.2021556,-1.3096951,-5.7555723
2714,1700198371494,3.1068606,-2.221106,-6.5668015
2715,1700198371494,2.9077187,-2.8136454,-7.225314
2716,1700198371513,2.6010642,-3.1936035,-7.72378
2717,1700198371520,2.3506095,-3.2058208,-7.899709
2718,1700198371521,2.42147,-3.2485814,-7.8667226
2719,1700198371521,2.8270843,-3.3279939,-7.657807
2720,1700198371522,3.0066788,-3.5918877,-7.56862
2721,1700198371522,2.9981265,-3.8594465,-7.4549994
2722,1700198371522,2.7061331,-4.1563272,-7.286401
2723,1700198371523,-6.236934,1.7250835,13.3400755
2724,1700198371523,1.097114,-4.6547933,-6.8429127
2725,1700198371524,0.26145032,-4.447099,-6.433633
2726,1700198371525,-0.5839872,-3.8227947,-5.480683
2727,1700198371527,-0.72326446,-3.500258,-5.114164
2728,1700198371531,-0.8038987,-2.878397,-4.318817
2729,1700198371550,-0.6976081,-2.4397957,-3.6163223
2730,1700198371551,-0.5510005,-2.0476203,-2.9345965
2731,1700198371552,-0.52778757,-1.6029104,-2.2589796
2732,1700198371553,-0.6585127,-1.0897835,-1.473407
2733,1700198371571,-0.63529986,-0.535118,-0.50335294
2734,1700198371571,-0.4605924,0.06963864,0.6609562
2735,1700198371572,-0.35063666,0.6743952,1.9511036
2736,1700198371574,-0.408058,1.2950343,3.413515
2737,1700198371578,-0.58032197,1.9120082,5.0066514
2738,1700198371581,2.5692992,-1.2950343,1.645671
2739,1700198371584,2.5937338,-1.1948525,1.8069394
2740,1700198371585,2.8295279,-1.1081096,1.9327776
2741,1700198371598,2.9382617,-1.0677924,1.9511036
2742,1700198371598,2.7269025,-1.1911873,1.9449949
2743,1700198371599,1.6713274,-1.4795157,1.9620992
2744,1700198371599,1.4807373,-1.473407,1.9975294
2745,1700198371618,1.8057177,-1.2583824,2.1856759
2746,1700198371619,2.2858577,-0.93584555,2.0549507
2747,1700198371620,2.2944098,-0.6609562,2.0390682
2748,1700198371621,2.3994787,-0.44226643,1.754405
2749,1700198371623,2.4495697,-0.17837265,1.568702
2750,1700198371624,1.9840903,-0.20280726,1.2608259
2751,1700198371625,1.6126842,-0.267559,1.0079277
2752,1700198371626,1.4123205,-0.29443705,0.79290307
2753,1700198371641,1.2498302,-0.30665436,0.6536258
2754,1700198371642,1.0409144,-0.3481932,0.49480084
2755,1700198371653,0.6267477,-0.3933972,0.36285394
2756,1700198371654,0.37018433,-0.44715336,0.39461896
2757,1700198371655,0.2919936,-0.408058,0.52656585
2758,1700198371657,0.33108896,-0.26389378,0.36651915
2759,1700198371657,0.18936823,-0.18936823,0.30787608
2760,1700198371659,0.1600467,-0.052534413,0.12095132
2761,1700198371660,0.06352998,0.008552114,-0.017104227
2762,1700198371677,-0.07819075,0.1001819,-0.0720821
2763,1700198371678,-0.27855456,0.14538592,-0.087964594
2764,1700198371683,-0.70005155,0.10873401,-0.04153884
2765,1700198371684,-1.0005972,-0.0012217305,0.13194689
2766,1700198371697,-0.91751957,0.09896017,0.27366763
2767,1700198371698,-1.1557571,0.3115413,0.2932153
2768,1700198371700,-1.6212363,0.42760566,0.40439278
2769,1700198371703,-1.5992452,0.66706485,0.25900686
2770,1700198371711,-1.4110987,0.72692966,0.5705481
2771,1700198371717,-1.2351695,0.8881981,0.63041294
2772,1700198371722,-1.4587462,0.8979719,0.5888741
2773,1700198371725,-1.6029104,0.9786061,0.4092797
2774,1700198371726,-1.8790215,0.94806284,-0.030543262
2775,1700198371822,-1.8509218,0.8564331,-0.5705481
2776,1700198371823,-1.0641272,0.6817256,-1.1313224
2777,1700198371833,0.18936823,0.5534439,-1.6945401
2778,1700198371834,1.0079277,0.41050145,-2.3200662
2779,1700198371837,1.1252137,0.21868975,-3.0494392
2780,1700198371838,0.9602802,0.12095132,-3.8020253
2781,1700198372061,1.0641272,0.058643065,-4.451986
2782,1700198372062,1.3658947,-0.035430185,-4.9797735
2783,1700198372076,2.2455406,-0.22968534,-5.3695054
2784,1700198372078,3.1129694,-0.3408628,-5.64073
2785,1700198372079,3.2485814,-0.5864306,-5.80322
2786,1700198372091,2.7305677,-0.9114109,-5.880189
2787,1700198372091,1.7837266,-1.2217305,-5.9192843
2788,1700198372092,0.9810496,-0.7648033,-5.871637
2789,1700198372092,0.9016371,-0.7464773,-5.2595496
2790,1700198372093,0.6597345,-1.2901474,-5.0970597
2791,1700198372093,0.22235495,-1.2815952,-5.0164256
2792,1700198372093,-0.028099801,-0.9896017,-4.456873
2793,1700198372094,0.43860126,-1.0629056,-3.5271358
2794,1700198372310,0.41783184,-1.2131784,-3.3255503
2795,1700198372312,0.04642576,-1.3707817,-2.8674014